0 2.997555e-09
1 2.053256e-09
2 1.357141e-09
3 8.847772e-10
4 5.841061e-10
5 3.927587e-10
6 2.692096e-10
7 1.857417e-10
8 1.267426e-10
9 8.393618e-11
10 5.312915e-11
11 3.176637e-11
12 1.782408e-11
13 9.386871e-12
14 4.682989e-12
15 4.892251e-09
16 3.421421e-09
17 2.300411e-09
18 1.495140e-09
19 9.746284e-10
20 6.451287e-10
21 4.367859e-10
22 3.005092e-10
23 2.069314e-10
24 1.398253e-10
25 9.106509e-11
26 5.633241e-11
27 3.274440e-11
28 1.781843e-11
29 9.117671e-12
30 5.463960e-09
31 3.837674e-09
32 2.591413e-09
33 1.684743e-09
34 1.095055e-09
35 7.226584e-10
36 4.877875e-10
37 3.353141e-10
38 2.311025e-10
39 1.567356e-10
40 1.026445e-10
41 6.392798e-11
42 3.743774e-11
43 2.050282e-11
44 1.054225e-11
45 5.784431e-09
46 4.069683e-09
47 2.754054e-09
48 1.790672e-09
49 1.162314e-09
50 7.658918e-10
51 5.162873e-10
52 3.545584e-10
53 2.446353e-10
54 1.662285e-10
55 1.091444e-10
56 6.817406e-11
57 4.005123e-11
58 2.200366e-11
59 1.134135e-11
60 5.998923e-09
61 4.226957e-09
62 2.863959e-09
63 1.862110e-09
64 1.207771e-09
65 7.951642e-10
66 5.355099e-10
67 3.676798e-10
68 2.537162e-10
69 1.725824e-10
70 1.134845e-10
71 7.103709e-11
72 4.181722e-11
73 2.301577e-11
74 1.187972e-11
75 6.162752e-09
76 4.345989e-09
77 2.947236e-09
78 1.916265e-09
79 1.242115e-09
80 8.173567e-10
81 5.500723e-10
82 3.775690e-10
83 2.606368e-10
84 1.774090e-10
85 1.167989e-10
86 7.321488e-11
87 4.316141e-11
88 2.378220e-11
89 1.228932e-11
90 6.296670e-09
91 4.442648e-09
92 3.014783e-09
93 1.960304e-09
94 1.270042e-09
95 8.352480e-10
96 5.619225e-10
97 3.856117e-10
98 2.663391e-10
99 1.813590e-10
100 1.195117e-10
101 7.498463e-11
102 4.425609e-11
103 2.441194e-11
104 1.261924e-11
105 6.406037e-09
106 4.522544e-09
107 3.070514e-09
108 1.996538e-09
109 1.293104e-09
110 8.501503e-10
111 5.717596e-10
112 3.923057e-10
113 2.709676e-10
114 1.846149e-10
115 1.217329e-10
116 7.643541e-11
117 4.515394e-11
118 2.492288e-11
119 1.289326e-11
120 6.501104e-09
121 4.591814e-09
122 3.119689e-09
123 2.028608e-09
124 1.313393e-09
125 8.631495e-10
126 5.802698e-10
127 3.981226e-10
128 2.749617e-10
129 1.874360e-10
130 1.236687e-10
131 7.771501e-11
132 4.593320e-11
133 2.537127e-11
134 1.313301e-11
135 6.622680e-09
136 4.680343e-09
137 3.181599e-09
138 2.069017e-09
139 1.338995e-09
140 8.797381e-10
141 5.912225e-10
142 4.055237e-10
143 2.802067e-10
144 1.910072e-10
145 1.261670e-10
146 7.935101e-11
147 4.693744e-11
148 2.594566e-11
149 1.343742e-11
150 1.041513e-08
151 7.542209e-09
152 5.268831e-09
153 3.521320e-09
154 2.269306e-09
155 1.472037e-09
156 9.674613e-10
157 6.514115e-10
158 4.463724e-10
159 3.064904e-10
160 2.066910e-10
161 1.343787e-10
162 8.294424e-11
163 4.806802e-11
164 2.606059e-11
165 1.287045e-08
166 9.420435e-09
167 6.646406e-09
168 4.499533e-09
169 2.909342e-09
170 1.876107e-09
171 1.223495e-09
172 8.168900e-10
173 5.568320e-10
174 3.824989e-10
175 2.595829e-10
176 1.707642e-10
177 1.070841e-10
178 6.318119e-11
179 3.487213e-11
180 1.423034e-08
181 1.045967e-08
182 7.409483e-09
183 5.039981e-09
184 3.262954e-09
185 2.099132e-09
186 1.364900e-09
187 9.082337e-10
188 6.177262e-10
189 4.243866e-10
190 2.888206e-10
191 1.908627e-10
192 1.203903e-10
193 7.152073e-11
194 3.973125e-11
195 1.515153e-08
196 1.116482e-08
197 7.925894e-09
198 5.406940e-09
199 3.502712e-09
200 2.249666e-09
201 1.460539e-09
202 9.700735e-10
203 6.589896e-10
204 4.528151e-10
205 3.086331e-10
206 2.044866e-10
207 1.294392e-10
208 7.717925e-11
209 4.303123e-11
210 1.584663e-08
211 1.169724e-08
212 8.316321e-09
213 5.683724e-09
214 3.683310e-09
215 2.364218e-09
216 1.533168e-09
217 1.016902e-09
218 6.902611e-10
219 4.743581e-10
220 3.236226e-10
221 2.147879e-10
222 1.362685e-10
223 8.145194e-11
224 4.552436e-11
225 1.641583e-08
226 1.213081e-08
227 8.633774e-09
228 5.909260e-09
229 3.830186e-09
230 2.456849e-09
231 1.592054e-09
232 1.054958e-09
233 7.157258e-10
234 4.918497e-10
235 3.358091e-10
236 2.231823e-10
237 1.418227e-10
238 8.492911e-11
239 4.754749e-11
240 1.688357e-08
241 1.248920e-08
242 8.896519e-09
243 6.095796e-09
244 3.952538e-09
245 2.533826e-09
246 1.640968e-09
247 1.086325e-09
248 7.366169e-10
249 5.062462e-10
250 3.458209e-10
251 2.301111e-10
252 1.463951e-10
253 8.779351e-11
254 4.922216e-11
255 1.729332e-08
256 1.280183e-08
257 9.126553e-09
258 6.259031e-09
259 4.058558e-09
260 2.600696e-09
261 1.683414e-09
262 1.113866e-09
263 7.550262e-10
264 5.190290e-10
265 3.546942e-10
266 2.362130e-10
267 1.504384e-10
268 9.031291e-11
269 5.068633e-11
270 1.780985e-08
271 1.319818e-08
272 9.417364e-09
273 6.464070e-09
274 4.193115e-09
275 2.685861e-09
276 1.737511e-09
277 1.148684e-09
278 7.782513e-10
279 5.348994e-10
280 3.657931e-10
281 2.437999e-10
282 1.554827e-10
283 9.348006e-11
284 5.253043e-11
285 1.742362e-08
286 1.305718e-08
287 9.366907e-09
288 6.478105e-09
289 4.273382e-09
290 2.736110e-09
291 1.769989e-09
292 1.160658e-09
293 7.797068e-10
294 5.321496e-10
295 3.627687e-10
296 2.421613e-10
297 1.554871e-10
298 9.458043e-11
299 5.401778e-11
300 2.018274e-08
301 1.528954e-08
302 1.105020e-08
303 7.703435e-09
304 5.128327e-09
305 3.281810e-09
306 2.114834e-09
307 1.376805e-09
308 9.190509e-10
309 6.249950e-10
310 4.264096e-10
311 2.861426e-10
312 1.853781e-10
313 1.141185e-10
314 6.605559e-11
315 2.203194e-08
316 1.678532e-08
317 1.217580e-08
318 8.525216e-09
319 5.700923e-09
320 3.644919e-09
321 2.344536e-09
322 1.521088e-09
323 1.012138e-09
324 6.871222e-10
325 4.690096e-10
326 3.156081e-10
327 2.054209e-10
328 1.272000e-10
329 7.409559e-11
330 2.343391e-08
331 1.791858e-08
332 1.302943e-08
333 9.144797e-09
334 6.134531e-09
335 3.920831e-09
336 2.519294e-09
337 1.630436e-09
338 1.082831e-09
339 7.342400e-10
340 5.013042e-10
341 3.379613e-10
342 2.205986e-10
343 1.371034e-10
344 8.020213e-11
345 2.458028e-08
346 1.884199e-08
347 1.372309e-08
348 9.650370e-09
349 6.486890e-09
350 4.144855e-09
351 2.660974e-09
352 1.719400e-09
353 1.140171e-09
354 7.725626e-10
355 5.275845e-10
356 3.561105e-10
357 2.329499e-10
358 1.451791e-10
359 8.516325e-11
360 2.552051e-08
361 1.960233e-08
362 1.429536e-08
363 1.006850e-08
364 6.777265e-09
365 4.329874e-09
366 2.777580e-09
367 1.792545e-09
368 1.187354e-09
369 8.039228e-10
370 5.491811e-10
371 3.710762e-10
372 2.431281e-10
373 1.518058e-10
374 8.924217e-11
375 2.634133e-08
376 2.026872e-08
377 1.479690e-08
378 1.043354e-08
379 7.031418e-09
380 4.492488e-09
381 2.880670e-09
382 1.856893e-09
383 1.228887e-09
384 8.317388e-10
385 5.682129e-10
386 3.842036e-10
387 2.520502e-10
388 1.576101e-10
389 9.283621e-11
390 2.738691e-08
391 2.111229e-08
392 1.543217e-08
393 1.089438e-08
394 7.354445e-09
395 4.696995e-09
396 3.010399e-09
397 1.938184e-09
398 1.281250e-09
399 8.667697e-10
400 5.921695e-10
401 4.007727e-10
402 2.632946e-10
403 1.649746e-10
404 9.736574e-11
405 2.445302e-08
406 1.889511e-08
407 1.384883e-08
408 9.766192e-09
409 6.608840e-09
410 4.264459e-09
411 2.727662e-09
412 1.761539e-09
413 1.161903e-09
414 7.827239e-10
415 5.324339e-10
416 3.588665e-10
417 2.351481e-10
418 1.472470e-10
419 8.707444e-11
420 2.742229e-08
421 2.142061e-08
422 1.581514e-08
423 1.122035e-08
424 7.652175e-09
425 4.961425e-09
426 3.161792e-09
427 2.034936e-09
428 1.333976e-09
429 8.940553e-10
430 6.069969e-10
431 4.099220e-10
432 2.700625e-10
433 1.705328e-10
434 1.018851e-10
435 2.965207e-08
436 2.331479e-08
437 1.728901e-08
438 1.230698e-08
439 8.433000e-09
440 5.481957e-09
441 3.485774e-09
442 2.239334e-09
443 1.462400e-09
444 9.773476e-10
445 6.628039e-10
446 4.481897e-10
447 2.962339e-10
448 1.879704e-10
449 1.129860e-10
450 3.146764e-08
451 2.485247e-08
452 1.848465e-08
453 1.319041e-08
454 9.066690e-09
455 5.905739e-09
456 3.749223e-09
457 2.405343e-09
458 1.566885e-09
459 1.045011e-09
460 7.081612e-10
461 4.792530e-10
462 3.175025e-10
463 2.021502e-10
464 1.220042e-10
465 3.296589e-08
466 2.612010e-08
467 1.947048e-08
468 1.391935e-08
469 9.589899e-09
470 6.254323e-09
471 3.965775e-09
472 2.541788e-09
473 1.652875e-09
474 1.100696e-09
475 7.455098e-10
476 5.048728e-10
477 3.350364e-10
478 2.138293e-10
479 1.294198e-10
480 3.427285e-08
481 2.723240e-08
482 2.033904e-08
483 1.455871e-08
484 1.004997e-08
485 6.561758e-09
486 4.157919e-09
487 2.662326e-09
488 1.728568e-09
489 1.149772e-09
490 7.784245e-10
491 5.273936e-10
492 3.504427e-10
493 2.240825e-10
494 1.359657e-10
495 3.594166e-08
496 2.863840e-08
497 2.143425e-08
498 1.536736e-08
499 1.063036e-08
500 6.948802e-09
501 4.398390e-09
502 2.813907e-09
503 1.824210e-09
504 1.211605e-09
505 8.199233e-10
506 5.557697e-10
507 3.698272e-10
508 2.370584e-10
509 1.441982e-10
510 3.161990e-08
511 2.512500e-08
512 1.879937e-08
513 1.346122e-08
514 9.281503e-09
515 6.091700e-09
516 3.873780e-09
517 2.483029e-09
518 1.611047e-09
519 1.069937e-09
520 7.222419e-10
521 4.876538e-10
522 3.230769e-10
523 2.062019e-10
524 1.250280e-10
525 3.482155e-08
526 2.795515e-08
527 2.108577e-08
528 1.517911e-08
529 1.053178e-08
530 6.959980e-09
531 4.422578e-09
532 2.827716e-09
533 1.824012e-09
534 1.205015e-09
535 8.106910e-10
536 5.473027e-10
537 3.637082e-10
538 2.335192e-10
539 1.427903e-10
540 3.741257e-08
541 3.024119e-08
542 2.292549e-08
543 1.656174e-08
544 1.153658e-08
545 7.657831e-09
546 4.862257e-09
547 3.104315e-09
548 1.994760e-09
549 1.313522e-09
550 8.817932e-10
551 5.952628e-10
552 3.964005e-10
553 2.555471e-10
554 1.570724e-10
555 3.954459e-08
556 3.212569e-08
557 2.444456e-08
558 1.770377e-08
559 1.236642e-08
560 8.233265e-09
561 5.224615e-09
562 3.332299e-09
563 2.135763e-09
564 1.402887e-09
565 9.404192e-10
566 6.347870e-10
567 4.233769e-10
568 2.736761e-10
569 1.688444e-10
570 4.141346e-08
571 3.377660e-08
572 2.577509e-08
573 1.870309e-08
574 1.309402e-08
575 8.738986e-09
576 5.543848e-09
577 3.532436e-09
578 2.259362e-09
579 1.481351e-09
580 9.919244e-10
581 6.695047e-10
582 4.470473e-10
583 2.896060e-10
584 1.792019e-10
585 4.379197e-08
586 3.587071e-08
587 2.746832e-08
588 1.997377e-08
589 1.401539e-08
590 9.378364e-09
591 5.947312e-09
592 3.785705e-09
593 2.416043e-09
594 1.580764e-09
595 1.057063e-09
596 7.134094e-10
597 4.769894e-10
598 3.097631e-10
599 1.922598e-10
600 3.911576e-08
601 3.188116e-08
602 2.435952e-08
603 1.769529e-08
604 1.237855e-08
605 8.272782e-09
606 5.278788e-09
607 3.359163e-09
608 2.152476e-09
609 1.409906e-09
610 9.419100e-10
611 6.341010e-10
612 4.222915e-10
613 2.729955e-10
614 1.687409e-10
615 4.261167e-08
616 3.507502e-08
617 2.702774e-08
618 1.974674e-08
619 1.388386e-08
620 9.344415e-09
621 5.978121e-09
622 3.793136e-09
623 2.421048e-09
624 1.577282e-09
625 1.049007e-09
626 7.048750e-10
627 4.700256e-10
628 3.051847e-10
629 1.898830e-10
630 4.548067e-08
631 3.769934e-08
632 2.921432e-08
633 2.142818e-08
634 1.511633e-08
635 1.022007e-08
636 6.549086e-09
637 4.147061e-09
638 2.640269e-09
639 1.713860e-09
640 1.136514e-09
641 7.627616e-10
642 5.091175e-10
643 3.315082e-10
644 2.071973e-10
645 4.799345e-08
646 3.999949e-08
647 3.113369e-08
648 2.290167e-08
649 1.619909e-08
650 1.099008e-08
651 7.052162e-09
652 4.458091e-09
653 2.832649e-09
654 1.834160e-09
655 1.213370e-09
656 8.136122e-10
657 5.434627e-10
658 3.546251e-10
659 2.224288e-10
660 5.119174e-08
661 4.292011e-08
662 3.356649e-08
663 2.476781e-08
664 1.756957e-08
665 1.196454e-08
666 7.687378e-09
667 4.852031e-09
668 3.076790e-09
669 1.986256e-09
670 1.310699e-09
671 8.779914e-10
672 5.869027e-10
673 3.839464e-10
674 2.416473e-10
675 4.713446e-08
676 3.933519e-08
677 3.069782e-08
678 2.264044e-08
679 1.603121e-08
680 1.089269e-08
681 7.024202e-09
682 4.440367e-09
683 2.824376e-09
684 1.824684e-09
685 1.204055e-09
686 8.052362e-10
687 5.367806e-10
688 3.499421e-10
689 2.194791e-10
690 5.086923e-08
691 4.285830e-08
692 3.373432e-08
693 2.503713e-08
694 1.781049e-08
695 1.217473e-08
696 7.890953e-09
697 4.977480e-09
698 3.159093e-09
699 2.029878e-09
700 1.332613e-09
701 8.883347e-10
702 5.920049e-10
703 3.869581e-10
704 2.439513e-10
705 5.413284e-08
706 4.593890e-08
707 3.638984e-08
708 2.712932e-08
709 1.936323e-08
710 1.329438e-08
711 8.647372e-09
712 5.446137e-09
713 3.450932e-09
714 2.208575e-09
715 1.444764e-09
716 9.608180e-10
717 6.402298e-10
718 4.192783e-10
719 2.653638e-10
720 5.828624e-08
721 4.983935e-08
722 3.975821e-08
723 2.978360e-08
724 2.133254e-08
725 1.471406e-08
726 9.607244e-09
727 6.039654e-09
728 3.820942e-09
729 2.435316e-09
730 1.586851e-09
731 1.052869e-09
732 7.014018e-10
733 4.603258e-10
734 2.924546e-10
735 5.555803e-08
736 4.739267e-08
737 3.775801e-08
738 2.829519e-08
739 2.026359e-08
740 1.395863e-08
741 9.129819e-09
742 5.756966e-09
743 3.643184e-09
744 2.323369e-09
745 1.513907e-09
746 1.003364e-09
747 6.671151e-10
748 4.368372e-10
749 2.769350e-10
750 5.969145e-08
751 5.139300e-08
752 4.131537e-08
753 3.117720e-08
754 2.243560e-08
755 1.553886e-08
756 1.022826e-08
757 6.449134e-09
758 4.072326e-09
759 2.584038e-09
760 1.674708e-09
761 1.105191e-09
762 7.335906e-10
763 4.809058e-10
764 3.061014e-10
765 6.492993e-08
766 5.644814e-08
767 4.581045e-08
768 3.481972e-08
769 2.517918e-08
770 1.753432e-08
771 1.161562e-08
772 7.323301e-09
773 4.614749e-09
774 2.913052e-09
775 1.877812e-09
776 1.234008e-09
777 8.175691e-10
778 5.366656e-10
779 3.429057e-10
780 6.479221e-08
781 5.644351e-08
782 4.592035e-08
783 3.500886e-08
784 2.537256e-08
785 1.769041e-08
786 1.175249e-08
787 7.435310e-09
788 4.678860e-09
789 2.952652e-09
790 1.899273e-09
791 1.244700e-09
792 8.228467e-10
793 5.393273e-10
794 3.445285e-10
795 7.131245e-08
796 6.290026e-08
797 5.181909e-08
798 3.992889e-08
799 2.915488e-08
800 2.046533e-08
801 1.372005e-08
802 8.712316e-09
803 5.464297e-09
804 3.430699e-09
805 2.189985e-09
806 1.424928e-09
807 9.378796e-10
808 6.144995e-10
809 3.938371e-10
810 7.993355e-08
811 7.168416e-08
812 6.012936e-08
813 4.711307e-08
814 3.482913e-08
815 2.467940e-08
816 1.675808e-08
817 1.076170e-08
818 6.723640e-09
819 4.203651e-09
820 2.652255e-09
821 1.704535e-09
822 1.111392e-09
823 7.250749e-10
824 4.654188e-10
825 5.128290e-07
826 4.101035e-07
827 3.092493e-07
828 2.346596e-07
829 1.585181e-07
830 9.939854e-08
831 6.236125e-08
832 3.882098e-08
833 0.000000e+00
834 0.000000e+00
835 0.000000e+00
836 0.000000e+00
837 0.000000e+00
838 0.000000e+00
839 0.000000e+00
840 6.552744e-07
841 5.271718e-07
842 3.978164e-07
843 3.018034e-07
844 2.059235e-07
845 1.288417e-07
846 8.104906e-08
847 5.034798e-08
848 0.000000e+00
849 0.000000e+00
850 0.000000e+00
851 0.000000e+00
852 0.000000e+00
853 0.000000e+00
854 0.000000e+00
855 7.518333e-07
856 6.065179e-07
857 4.578411e-07
858 3.472944e-07
859 2.380509e-07
860 1.487933e-07
861 9.371464e-08
862 5.816049e-08
863 0.000000e+00
864 0.000000e+00
865 0.000000e+00
866 0.000000e+00
867 0.000000e+00
868 0.000000e+00
869 0.000000e+00
870 8.249705e-07
871 6.665962e-07
872 5.032895e-07
873 3.817636e-07
874 2.623893e-07
875 1.639077e-07
876 1.033102e-07
877 6.407800e-08
878 0.000000e+00
879 0.000000e+00
880 0.000000e+00
881 0.000000e+00
882 0.000000e+00
883 0.000000e+00
884 0.000000e+00
885 8.843162e-07
886 7.153713e-07
887 5.401876e-07
888 4.097330e-07
889 2.821425e-07
890 1.761745e-07
891 1.110968e-07
892 6.888066e-08
893 0.000000e+00
894 0.000000e+00
895 0.000000e+00
896 0.000000e+00
897 0.000000e+00
898 0.000000e+00
899 0.000000e+00
900 9.332429e-07
901 7.555709e-07
902 5.705965e-07
903 4.327864e-07
904 2.984210e-07
905 1.862845e-07
906 1.175148e-07
907 7.283934e-08
908 0.000000e+00
909 0.000000e+00
910 0.000000e+00
911 0.000000e+00
912 0.000000e+00
913 0.000000e+00
914 0.000000e+00
915 9.761552e-07
916 7.908349e-07
917 5.972735e-07
918 4.530105e-07
919 3.127014e-07
920 1.951527e-07
921 1.231446e-07
922 7.631169e-08
923 0.000000e+00
924 0.000000e+00
925 0.000000e+00
926 0.000000e+00
927 0.000000e+00
928 0.000000e+00
929 0.000000e+00
930 1.030486e-06
931 8.355037e-07
932 6.310727e-07
933 4.786342e-07
934 3.307955e-07
935 2.063887e-07
936 1.302773e-07
937 8.071139e-08
938 0.000000e+00
939 0.000000e+00
940 0.000000e+00
941 0.000000e+00
942 0.000000e+00
943 0.000000e+00
944 0.000000e+00
945 2.379254e-07
946 2.234683e-07
947 1.830193e-07
948 1.367095e-07
949 1.048517e-07
950 7.393431e-08
951 4.522593e-08
952 2.796206e-08
953 1.711381e-08
954 0.000000e+00
955 0.000000e+00
956 0.000000e+00
957 0.000000e+00
958 0.000000e+00
959 0.000000e+00
960 3.436240e-07
961 3.241881e-07
962 2.668328e-07
963 1.996259e-07
964 1.527979e-07
965 1.086803e-07
966 6.624026e-08
967 4.117204e-08
968 2.515249e-08
969 0.000000e+00
970 0.000000e+00
971 0.000000e+00
972 0.000000e+00
973 0.000000e+00
974 0.000000e+00
975 4.233871e-07
976 4.001832e-07
977 3.300556e-07
978 2.470797e-07
979 1.889642e-07
980 1.348809e-07
981 8.208544e-08
982 5.113022e-08
983 3.121311e-08
984 0.000000e+00
985 0.000000e+00
986 0.000000e+00
987 0.000000e+00
988 0.000000e+00
989 0.000000e+00
990 4.881427e-07
991 4.618798e-07
992 3.813822e-07
993 2.856044e-07
994 2.183253e-07
995 1.561520e-07
996 9.494931e-08
997 5.921482e-08
998 3.613343e-08
999 0.000000e+00
1000 0.000000e+00
1001 0.000000e+00
1002 0.000000e+00
1003 0.000000e+00
1004 0.000000e+00
1005 5.414915e-07
1006 5.127069e-07
1007 4.236674e-07
1008 3.173427e-07
1009 2.425143e-07
1010 1.736759e-07
1011 1.055471e-07
1012 6.587524e-08
1013 4.018704e-08
1014 0.000000e+00
1015 0.000000e+00
1016 0.000000e+00
1017 0.000000e+00
1018 0.000000e+00
1019 0.000000e+00
1020 5.883043e-07
1021 5.573069e-07
1022 4.607717e-07
1023 3.451925e-07
1024 2.637397e-07
1025 1.890546e-07
1026 1.148464e-07
1027 7.171956e-08
1028 4.374395e-08
1029 0.000000e+00
1030 0.000000e+00
1031 0.000000e+00
1032 0.000000e+00
1033 0.000000e+00
1034 0.000000e+00
1035 6.476182e-07
1036 6.138149e-07
1037 5.077831e-07
1038 3.804783e-07
1039 2.906323e-07
1040 2.085375e-07
1041 1.266289e-07
1042 7.912444e-08
1043 4.825061e-08
1044 0.000000e+00
1045 0.000000e+00
1046 0.000000e+00
1047 0.000000e+00
1048 0.000000e+00
1049 0.000000e+00
1050 1.272379e-07
1051 1.299090e-07
1052 1.177013e-07
1053 9.283172e-08
1054 6.891977e-08
1055 5.349374e-08
1056 3.459877e-08
1057 2.209526e-08
1058 1.306066e-08
1059 7.876413e-09
1060 0.000000e+00
1061 0.000000e+00
1062 0.000000e+00
1063 0.000000e+00
1064 0.000000e+00
1065 2.055874e-07
1066 2.105894e-07
1067 1.916891e-07
1068 1.518417e-07
1069 1.127264e-07
1070 8.741483e-08
1071 5.716691e-08
1072 3.624683e-08
1073 2.145808e-08
1074 1.294808e-08
1075 0.000000e+00
1076 0.000000e+00
1077 0.000000e+00
1078 0.000000e+00
1079 0.000000e+00
1080 2.684649e-07
1081 2.753171e-07
1082 2.510204e-07
1083 1.991402e-07
1084 1.478371e-07
1085 1.146059e-07
1086 7.522960e-08
1087 4.758756e-08
1088 2.818498e-08
1089 1.701102e-08
1090 0.000000e+00
1091 0.000000e+00
1092 0.000000e+00
1093 0.000000e+00
1094 0.000000e+00
1095 3.202715e-07
1096 3.286385e-07
1097 2.998952e-07
1098 2.381107e-07
1099 1.767600e-07
1100 1.370099e-07
1101 9.011665e-08
1102 5.693026e-08
1103 3.372744e-08
1104 2.035857e-08
1105 0.000000e+00
1106 0.000000e+00
1107 0.000000e+00
1108 0.000000e+00
1109 0.000000e+00
1110 3.657215e-07
1111 3.754239e-07
1112 3.427798e-07
1113 2.722898e-07
1114 2.021380e-07
1115 1.566626e-07
1116 1.031771e-07
1117 6.512756e-08
1118 3.858987e-08
1119 2.329539e-08
1120 0.000000e+00
1121 0.000000e+00
1122 0.000000e+00
1123 0.000000e+00
1124 0.000000e+00
1125 4.233030e-07
1126 4.347101e-07
1127 3.970938e-07
1128 3.156117e-07
1129 2.342969e-07
1130 1.815779e-07
1131 1.197273e-07
1132 7.551787e-08
1133 4.475152e-08
1134 2.701692e-08
1135 0.000000e+00
1136 0.000000e+00
1137 0.000000e+00
1138 0.000000e+00
1139 0.000000e+00
1140 1.367659e-07
1141 1.468764e-07
1142 1.430633e-07
1143 1.216734e-07
1144 9.180515e-08
1145 6.934249e-08
1146 5.215743e-08
1147 3.064821e-08
1148 1.951431e-08
1149 1.157545e-08
1150 6.848024e-09
1151 0.000000e+00
1152 0.000000e+00
1153 0.000000e+00
1154 0.000000e+00
1155 1.857528e-07
1156 1.996496e-07
1157 1.947033e-07
1158 1.658487e-07
1159 1.252319e-07
1160 9.453253e-08
1161 7.122122e-08
1162 4.187097e-08
1163 2.670793e-08
1164 1.583139e-08
1165 9.354024e-09
1166 0.000000e+00
1167 0.000000e+00
1168 0.000000e+00
1169 0.000000e+00
1170 2.287300e-07
1171 2.459558e-07
1172 2.400096e-07
1173 2.045967e-07
1174 1.545583e-07
1175 1.166277e-07
1176 8.794670e-08
1177 5.171491e-08
1178 3.301944e-08
1179 1.956548e-08
1180 1.155213e-08
1181 0.000000e+00
1182 0.000000e+00
1183 0.000000e+00
1184 0.000000e+00
1185 2.831915e-07
1186 3.046195e-07
1187 2.974190e-07
1188 2.536936e-07
1189 1.917113e-07
1190 1.446242e-07
1191 1.091365e-07
1192 6.419083e-08
1193 4.101729e-08
1194 2.429725e-08
1195 1.433802e-08
1196 0.000000e+00
1197 0.000000e+00
1198 0.000000e+00
1199 0.000000e+00
1200 9.740323e-08
1201 1.080080e-07
1202 1.102388e-07
1203 9.966655e-08
1204 7.832810e-08
1205 5.809987e-08
1206 4.521869e-08
1207 2.879459e-08
1208 1.847166e-08
1209 1.069566e-08
1210 6.271571e-09
1211 0.000000e+00
1212 0.000000e+00
1213 0.000000e+00
1214 0.000000e+00
1215 1.375236e-07
1216 1.525916e-07
1217 1.558865e-07
1218 1.411214e-07
1219 1.110321e-07
1220 8.234838e-08
1221 6.408415e-08
1222 4.093527e-08
1223 2.621129e-08
1224 1.517504e-08
1225 8.904134e-09
1226 0.000000e+00
1227 0.000000e+00
1228 0.000000e+00
1229 0.000000e+00
1230 1.883678e-07
1231 2.090940e-07
1232 2.137385e-07
1233 1.936540e-07
1234 1.524779e-07
1235 1.130785e-07
1236 8.799232e-08
1237 5.631767e-08
1238 3.601965e-08
1239 2.085155e-08
1240 1.224015e-08
1241 0.000000e+00
1242 0.000000e+00
1243 0.000000e+00
1244 0.000000e+00
1245 7.513633e-08
1246 8.530915e-08
1247 9.007619e-08
1248 8.547518e-08
1249 7.041951e-08
1250 5.242902e-08
1251 4.020310e-08
1252 2.875651e-08
1253 1.703465e-08
1254 1.018685e-08
1255 5.992271e-09
1256 0.000000e+00
1257 0.000000e+00
1258 0.000000e+00
1259 0.000000e+00
1260 1.222472e-07
1261 1.388789e-07
1262 1.467603e-07
1263 1.394332e-07
1264 1.150282e-07
1265 8.567571e-08
1266 6.565614e-08
1267 4.708801e-08
1268 2.784571e-08
1269 1.668935e-08
1270 9.811326e-09
1271 0.000000e+00
1272 0.000000e+00
1273 0.000000e+00
1274 0.000000e+00
1275 7.541009e-08
1276 8.722138e-08
1277 9.452191e-08
1278 9.317618e-08
1279 8.032120e-08
1280 6.095879e-08
1281 4.579442e-08
1282 3.502700e-08
1283 2.040520e-08
1284 1.312624e-08
1285 7.585314e-09
1286 4.260514e-09
1287 0.000000e+00
1288 0.000000e+00
1289 0.000000e+00
1290 4.053061e-08
1291 4.757722e-08
1292 5.261886e-08
1293 5.343721e-08
1294 4.792505e-08
1295 3.737519e-08
1296 2.774474e-08
1297 2.163720e-08
1298 1.340349e-08
1299 8.679580e-09
1300 4.941182e-09
1301 2.785173e-09
1302 0.000000e+00
1303 0.000000e+00
1304 0.000000e+00
1305 3.940446e-05
1306 3.178616e-05
1307 2.392701e-05
1308 1.821295e-05
1309 1.249586e-05
1310 7.787677e-06
1311 4.898241e-06
1312 3.041426e-06
1313 0.000000e+00
1314 0.000000e+00
1315 0.000000e+00
1316 0.000000e+00
1317 0.000000e+00
1318 0.000000e+00
1319 0.000000e+00
1320 2.252311e-05
1321 2.138307e-05
1322 1.769542e-05
1323 1.323523e-05
1324 1.011470e-05
1325 7.290419e-06
1326 4.396345e-06
1327 2.741276e-06
1328 1.675317e-06
1329 0.000000e+00
1330 0.000000e+00
1331 0.000000e+00
1332 0.000000e+00
1333 0.000000e+00
1334 0.000000e+00
1335 1.469477e-05
1336 1.510894e-05
1337 1.382032e-05
1338 1.098580e-05
1339 8.146982e-06
1340 6.323628e-06
1341 4.171725e-06
1342 2.636331e-06
1343 1.556055e-06
1344 9.411495e-07
1345 0.000000e+00
1346 0.000000e+00
1347 0.000000e+00
1348 0.000000e+00
1349 0.000000e+00
1350 1.001313e-05
1351 1.078062e-05
1352 1.053868e-05
1353 8.999100e-06
1354 6.799396e-06
1355 5.125778e-06
1356 3.880802e-06
1357 2.272320e-06
1358 1.457041e-06
1359 8.628079e-07
1360 5.081796e-07
1361 0.000000e+00
1362 0.000000e+00
1363 0.000000e+00
1364 0.000000e+00
1365 7.094523e-06
1366 7.881305e-06
1367 8.065125e-06
1368 7.316987e-06
1369 5.765065e-06
1370 4.272859e-06
1371 3.327787e-06
1372 2.132909e-06
1373 1.365580e-06
1374 7.891750e-07
1375 4.638220e-07
1376 0.000000e+00
1377 0.000000e+00
1378 0.000000e+00
1379 0.000000e+00
1380 5.188973e-06
1381 5.899219e-06
1382 6.240289e-06
1383 5.937023e-06
1384 4.904005e-06
1385 3.652629e-06
1386 2.797692e-06
1387 2.013415e-06
1388 1.186733e-06
1389 7.117296e-07
1390 4.182773e-07
1391 0.000000e+00
1392 0.000000e+00
1393 0.000000e+00
1394 0.000000e+00
1395 3.886058e-06
1396 4.497923e-06
1397 4.879231e-06
1398 4.816607e-06
1399 4.158984e-06
1400 3.158584e-06
1401 2.370984e-06
1402 1.817679e-06
1403 1.058204e-06
1404 6.829884e-07
1405 3.945312e-07
1406 2.209456e-07
1407 0.000000e+00
1408 0.000000e+00
1409 0.000000e+00
1410 2.701152e-06
1411 3.173521e-06
1412 3.513939e-06
1413 3.574674e-06
1414 3.213194e-06
1415 2.509975e-06
1416 1.862160e-06
1417 1.453134e-06
1418 9.039914e-07
1419 5.850000e-07
1420 3.326676e-07
1421 1.878336e-07
1422 0.000000e+00
1423 0.000000e+00
1424 0.000000e+00
1425 1.550982e-06
1426 1.849278e-06
1427 2.088859e-06
1428 2.187013e-06
1429 2.047979e-06
1430 1.661973e-06
1431 1.232616e-06
1432 9.526716e-07
1433 6.578818e-07
1434 3.968136e-07
1435 2.282253e-07
1436 1.316113e-07
1437 0.000000e+00
1438 0.000000e+00
1439 0.000000e+00
1440 6.870435e-07
1441 8.306852e-07
1442 9.558950e-07
1443 1.027460e-06
1444 9.998663e-07
1445 8.476203e-07
1446 6.375418e-07
1447 4.826372e-07
1448 3.622040e-07
1449 2.083514e-07
1450 1.294081e-07
1451 7.361068e-08
1452 4.046976e-08
1453 0.000000e+00
1454 0.000000e+00
