0 2.997264e-09
1 2.052978e-09
2 1.356840e-09
3 8.844117e-10
4 5.836295e-10
5 3.921789e-10
6 2.684876e-10
7 1.849581e-10
8 1.259240e-10
9 8.316973e-11
10 5.249434e-11
11 3.133704e-11
12 1.760187e-11
13 9.321170e-12
14 4.709005e-12
15 4.891834e-09
16 3.421030e-09
17 2.300020e-09
18 1.494705e-09
19 9.741087e-10
20 6.444410e-10
21 4.359393e-10
22 2.995480e-10
23 2.058759e-10
24 1.387848e-10
25 9.016403e-11
26 5.563155e-11
27 3.234686e-11
28 1.765719e-11
29 9.114774e-12
30 5.463506e-09
31 3.837253e-09
32 2.590989e-09
33 1.684274e-09
34 1.094481e-09
35 7.219389e-10
36 4.869125e-10
37 3.341776e-10
38 2.300026e-10
39 1.556146e-10
40 1.016404e-10
41 6.314976e-11
42 3.697091e-11
43 2.031114e-11
44 1.053032e-11
45 5.783957e-09
46 4.069243e-09
47 2.753617e-09
48 1.790187e-09
49 1.161646e-09
50 7.651782e-10
51 5.153694e-10
52 3.535200e-10
53 2.434761e-10
54 1.650615e-10
55 1.080851e-10
56 6.734385e-11
57 3.956422e-11
58 2.179636e-11
59 1.132420e-11
60 5.998435e-09
61 4.226503e-09
62 2.863510e-09
63 1.861621e-09
64 1.207174e-09
65 7.944290e-10
66 5.346001e-10
67 3.666128e-10
68 2.525714e-10
69 1.713899e-10
70 1.124053e-10
71 7.019204e-11
72 4.130045e-11
73 2.279733e-11
74 1.185867e-11
75 6.162254e-09
76 4.345528e-09
77 2.946780e-09
78 1.915772e-09
79 1.241521e-09
80 8.166218e-10
81 5.491736e-10
82 3.764915e-10
83 2.594646e-10
84 1.761941e-10
85 1.156915e-10
86 7.233665e-11
87 4.262724e-11
88 2.355620e-11
89 1.226313e-11
90 6.296163e-09
91 4.442178e-09
92 3.014319e-09
93 1.959800e-09
94 1.269438e-09
95 8.344909e-10
96 5.609780e-10
97 3.845221e-10
98 2.650934e-10
99 1.801456e-10
100 1.183899e-10
101 7.410211e-11
102 4.370015e-11
103 2.416947e-11
104 1.259320e-11
105 6.405524e-09
106 4.522071e-09
107 3.070047e-09
108 1.996033e-09
109 1.292491e-09
110 8.493717e-10
111 5.708022e-10
112 3.912382e-10
113 2.697059e-10
114 1.833751e-10
115 1.205976e-10
116 7.554228e-11
117 4.458902e-11
118 2.467951e-11
119 1.286407e-11
120 6.500584e-09
121 4.591333e-09
122 3.119214e-09
123 2.027902e-09
124 1.312772e-09
125 8.623853e-10
126 5.793216e-10
127 3.969981e-10
128 2.737380e-10
129 1.861979e-10
130 1.225192e-10
131 7.678625e-11
132 4.536388e-11
133 2.512517e-11
134 1.310330e-11
135 6.622155e-09
136 4.679855e-09
137 3.181122e-09
138 2.068420e-09
139 1.338388e-09
140 8.789770e-10
141 5.902716e-10
142 4.044256e-10
143 2.789717e-10
144 1.898282e-10
145 1.250014e-10
146 7.840572e-11
147 4.635469e-11
148 2.569307e-11
149 1.340532e-11
150 1.041441e-08
151 7.541540e-09
152 5.268195e-09
153 3.520664e-09
154 2.268583e-09
155 1.471177e-09
156 9.664064e-10
157 6.501072e-10
158 4.449474e-10
159 3.049393e-10
160 2.052060e-10
161 1.330673e-10
162 8.203357e-11
163 4.760227e-11
164 2.594208e-11
165 1.286961e-08
166 9.419660e-09
167 6.645667e-09
168 4.499078e-09
169 2.908545e-09
170 1.875172e-09
171 1.222670e-09
172 8.155121e-10
173 5.552578e-10
174 3.807592e-10
175 2.578709e-10
176 1.692461e-10
177 1.059483e-10
178 6.257628e-11
179 3.469496e-11
180 1.422944e-08
181 1.045883e-08
182 7.408690e-09
183 5.039190e-09
184 3.262143e-09
185 2.098167e-09
186 1.363716e-09
187 9.068125e-10
188 6.159616e-10
189 4.225835e-10
190 2.870013e-10
191 1.892161e-10
192 1.191642e-10
193 7.083737e-11
194 3.952657e-11
195 1.515059e-08
196 1.116394e-08
197 7.925057e-09
198 5.406135e-09
199 3.501823e-09
200 2.248693e-09
201 1.459351e-09
202 9.685885e-10
203 6.572454e-10
204 4.509356e-10
205 3.067226e-10
206 2.027549e-10
207 1.281178e-10
208 7.643669e-11
209 4.280043e-11
210 1.584566e-08
211 1.169633e-08
212 8.315471e-09
213 5.682896e-09
214 3.682444e-09
215 2.363216e-09
216 1.531988e-09
217 1.015505e-09
218 6.885487e-10
219 4.724306e-10
220 3.216706e-10
221 2.130082e-10
222 1.348992e-10
223 8.068495e-11
224 4.527986e-11
225 1.641483e-08
226 1.212997e-08
227 8.632898e-09
228 5.908398e-09
229 3.829305e-09
230 2.456065e-09
231 1.590838e-09
232 1.053461e-09
233 7.138886e-10
234 4.898775e-10
235 3.338059e-10
236 2.213373e-10
237 1.404040e-10
238 8.412582e-11
239 4.729257e-11
240 1.688255e-08
241 1.248824e-08
242 8.895616e-09
243 6.094914e-09
244 3.951444e-09
245 2.532796e-09
246 1.639706e-09
247 1.084928e-09
248 7.348232e-10
249 5.042332e-10
250 3.437918e-10
251 2.281797e-10
252 1.449737e-10
253 8.697187e-11
254 4.895286e-11
255 1.729228e-08
256 1.280085e-08
257 9.125637e-09
258 6.258146e-09
259 4.057628e-09
260 2.599658e-09
261 1.682159e-09
262 1.112307e-09
263 7.532044e-10
264 5.169396e-10
265 3.526335e-10
266 2.342405e-10
267 1.489524e-10
268 8.946336e-11
269 5.040626e-11
270 1.780879e-08
271 1.319717e-08
272 9.416428e-09
273 6.463151e-09
274 4.192179e-09
275 2.684797e-09
276 1.736237e-09
277 1.147337e-09
278 7.763881e-10
279 5.328267e-10
280 3.637213e-10
281 2.418309e-10
282 1.539582e-10
283 9.261184e-11
284 5.224863e-11
285 1.742261e-08
286 1.305623e-08
287 9.366002e-09
288 6.477228e-09
289 4.272462e-09
290 2.735217e-09
291 1.768773e-09
292 1.159253e-09
293 7.779572e-10
294 5.301859e-10
295 3.607486e-10
296 2.403326e-10
297 1.540447e-10
298 9.374690e-11
299 5.373398e-11
300 2.018162e-08
301 1.528847e-08
302 1.104919e-08
303 7.702447e-09
304 5.127338e-09
305 3.280706e-09
306 2.113531e-09
307 1.375311e-09
308 9.171869e-10
309 6.229438e-10
310 4.242775e-10
311 2.841234e-10
312 1.837635e-10
313 1.131454e-10
314 6.569844e-11
315 2.203075e-08
316 1.678419e-08
317 1.217473e-08
318 8.524174e-09
319 5.699872e-09
320 3.643802e-09
321 2.343219e-09
322 1.519494e-09
323 1.010246e-09
324 6.849528e-10
325 4.667415e-10
326 3.134720e-10
327 2.036905e-10
328 1.261342e-10
329 7.370982e-11
330 2.343267e-08
331 1.791741e-08
332 1.302833e-08
333 9.145123e-09
334 6.133448e-09
335 3.919668e-09
336 2.517972e-09
337 1.628815e-09
338 1.080750e-09
339 7.320395e-10
340 4.989812e-10
341 3.357554e-10
342 2.187814e-10
343 1.360062e-10
344 7.976773e-11
345 2.457900e-08
346 1.884076e-08
347 1.372194e-08
348 9.649255e-09
349 6.485791e-09
350 4.143922e-09
351 2.659607e-09
352 1.717794e-09
353 1.138187e-09
354 7.702759e-10
355 5.251676e-10
356 3.537887e-10
357 2.310441e-10
358 1.439899e-10
359 8.470369e-11
360 2.551919e-08
361 1.960106e-08
362 1.429417e-08
363 1.006736e-08
364 6.776203e-09
365 4.328661e-09
366 2.776164e-09
367 1.790860e-09
368 1.185305e-09
369 8.016928e-10
370 5.467544e-10
371 3.687151e-10
372 2.411487e-10
373 1.505819e-10
374 8.876412e-11
375 2.633998e-08
376 2.026742e-08
377 1.479567e-08
378 1.043237e-08
379 7.030251e-09
380 4.491243e-09
381 2.879261e-09
382 1.855177e-09
383 1.226771e-09
384 8.293657e-10
385 5.657174e-10
386 3.818037e-10
387 2.500340e-10
388 1.563737e-10
389 9.233558e-11
390 2.738551e-08
391 2.111095e-08
392 1.543091e-08
393 1.089342e-08
394 7.352866e-09
395 4.695736e-09
396 3.008975e-09
397 1.936468e-09
398 1.279177e-09
399 8.643564e-10
400 5.896340e-10
401 3.982793e-10
402 2.612305e-10
403 1.636702e-10
404 9.684289e-11
405 2.445176e-08
406 1.889391e-08
407 1.384767e-08
408 9.765064e-09
409 6.607744e-09
410 4.263266e-09
411 2.726299e-09
412 1.759921e-09
413 1.159931e-09
414 7.805080e-10
415 5.301106e-10
416 3.566304e-10
417 2.332942e-10
418 1.460960e-10
419 8.662328e-11
420 2.742093e-08
421 2.141930e-08
422 1.581389e-08
423 1.121916e-08
424 7.650986e-09
425 4.960184e-09
426 3.160385e-09
427 2.033251e-09
428 1.331939e-09
429 8.917544e-10
430 6.045280e-10
431 4.075716e-10
432 2.680487e-10
433 1.692579e-10
434 1.013938e-10
435 2.965066e-08
436 2.331341e-08
437 1.728770e-08
438 1.230599e-08
439 8.431767e-09
440 5.480672e-09
441 3.484335e-09
442 2.237646e-09
443 1.460357e-09
444 9.749550e-10
445 6.602487e-10
446 4.457124e-10
447 2.941639e-10
448 1.866445e-10
449 1.124198e-10
450 3.146617e-08
451 2.485103e-08
452 1.848329e-08
453 1.318910e-08
454 9.065433e-09
455 5.904121e-09
456 3.747737e-09
457 2.403747e-09
458 1.564755e-09
459 1.042541e-09
460 7.055294e-10
461 4.766401e-10
462 3.152891e-10
463 2.007186e-10
464 1.214007e-10
465 3.296436e-08
466 2.611861e-08
467 1.946957e-08
468 1.391800e-08
469 9.588578e-09
470 6.252787e-09
471 3.964245e-09
472 2.540161e-09
473 1.650749e-09
474 1.098172e-09
475 7.428095e-10
476 5.021947e-10
477 3.327513e-10
478 2.123400e-10
479 1.288193e-10
480 3.427129e-08
481 2.723088e-08
482 2.033757e-08
483 1.455735e-08
484 1.004861e-08
485 6.560358e-09
486 4.156393e-09
487 2.660424e-09
488 1.726366e-09
489 1.147190e-09
490 7.756606e-10
491 5.246876e-10
492 3.480865e-10
493 2.225601e-10
494 1.352975e-10
495 3.594003e-08
496 2.863821e-08
497 2.143274e-08
498 1.536591e-08
499 1.062889e-08
500 6.947369e-09
501 4.396811e-09
502 2.812033e-09
503 1.822023e-09
504 1.208974e-09
505 8.170738e-10
506 5.530200e-10
507 3.674558e-10
508 2.354274e-10
509 1.434789e-10
510 3.161843e-08
511 2.512356e-08
512 1.879800e-08
513 1.345991e-08
514 9.280217e-09
515 6.090382e-09
516 3.872169e-09
517 2.481276e-09
518 1.608928e-09
519 1.067471e-09
520 7.196289e-10
521 4.851443e-10
522 3.208815e-10
523 2.047789e-10
524 1.244628e-10
525 3.482001e-08
526 2.795363e-08
527 2.108432e-08
528 1.517772e-08
529 1.053043e-08
530 6.958597e-09
531 4.421044e-09
532 2.825891e-09
533 1.821835e-09
534 1.202474e-09
535 8.079759e-10
536 5.446160e-10
537 3.614207e-10
538 2.320104e-10
539 1.421290e-10
540 3.741095e-08
541 3.023959e-08
542 2.292397e-08
543 1.656028e-08
544 1.153517e-08
545 7.656390e-09
546 4.860678e-09
547 3.102469e-09
548 1.992522e-09
549 1.310918e-09
550 8.789689e-10
551 5.924145e-10
552 3.939692e-10
553 2.539184e-10
554 1.563705e-10
555 3.954292e-08
556 3.212403e-08
557 2.444298e-08
558 1.770227e-08
559 1.236496e-08
560 8.231789e-09
561 5.222985e-09
562 3.330406e-09
563 2.133454e-09
564 1.400223e-09
565 9.375402e-10
566 6.318931e-10
567 4.208600e-10
568 2.719899e-10
569 1.681388e-10
570 4.141174e-08
571 3.377490e-08
572 2.577347e-08
573 1.870305e-08
574 1.309250e-08
575 8.737455e-09
576 5.542206e-09
577 3.530502e-09
578 2.256923e-09
579 1.478638e-09
580 9.889733e-10
581 6.665665e-10
582 4.444479e-10
583 2.878755e-10
584 1.784099e-10
585 4.379017e-08
586 3.586893e-08
587 2.746656e-08
588 1.997209e-08
589 1.401381e-08
590 9.376789e-09
591 5.945629e-09
592 3.783728e-09
593 2.413680e-09
594 1.577990e-09
595 1.054016e-09
596 7.103746e-10
597 4.742915e-10
598 3.079339e-10
599 1.914506e-10
600 3.911412e-08
601 3.187954e-08
602 2.435798e-08
603 1.769380e-08
604 1.237711e-08
605 8.271313e-09
606 5.277177e-09
607 3.357276e-09
608 2.150230e-09
609 1.407277e-09
610 9.390746e-10
611 6.312721e-10
612 4.198525e-10
613 2.713605e-10
614 1.680098e-10
615 4.260995e-08
616 3.507331e-08
617 2.702610e-08
618 1.974517e-08
619 1.388235e-08
620 9.342885e-09
621 5.976462e-09
622 3.791221e-09
623 2.418737e-09
624 1.574589e-09
625 1.046044e-09
626 7.018734e-10
627 4.674305e-10
628 3.034278e-10
629 1.891065e-10
630 4.547888e-08
631 3.769755e-08
632 2.921261e-08
633 2.142654e-08
634 1.511475e-08
635 1.021849e-08
636 6.547385e-09
637 4.145207e-09
638 2.637957e-09
639 1.711117e-09
640 1.133476e-09
641 7.597061e-10
642 5.064085e-10
643 3.296784e-10
644 2.064099e-10
645 4.799161e-08
646 3.999765e-08
647 3.113191e-08
648 2.289997e-08
649 1.619745e-08
650 1.098844e-08
651 7.050441e-09
652 4.455935e-09
653 2.830334e-09
654 1.831345e-09
655 1.210294e-09
656 8.105095e-10
657 5.406809e-10
658 3.527414e-10
659 2.215493e-10
660 5.118981e-08
661 4.291814e-08
662 3.356464e-08
663 2.476604e-08
664 1.756784e-08
665 1.196285e-08
666 7.685595e-09
667 4.849967e-09
668 3.074339e-09
669 1.983384e-09
670 1.307507e-09
671 8.747826e-10
672 5.839951e-10
673 3.819483e-10
674 2.407447e-10
675 4.713265e-08
676 3.933339e-08
677 3.069609e-08
678 2.263879e-08
679 1.602962e-08
680 1.089108e-08
681 7.022292e-09
682 4.438399e-09
683 2.822003e-09
684 1.821916e-09
685 1.200991e-09
686 8.021122e-10
687 5.340577e-10
688 3.480749e-10
689 2.186464e-10
690 5.086735e-08
691 4.285641e-08
692 3.373248e-08
693 2.503472e-08
694 1.780883e-08
695 1.217308e-08
696 7.889177e-09
697 4.975454e-09
698 3.156764e-09
699 2.027051e-09
700 1.329471e-09
701 8.851551e-10
702 5.891463e-10
703 3.849999e-10
704 2.431075e-10
705 5.413089e-08
706 4.593694e-08
707 3.638792e-08
708 2.712749e-08
709 1.936148e-08
710 1.329264e-08
711 8.645566e-09
712 5.444068e-09
713 3.448484e-09
714 2.205682e-09
715 1.441569e-09
716 9.575909e-10
717 6.373051e-10
718 4.172728e-10
719 2.644239e-10
720 5.828420e-08
721 4.983730e-08
722 3.975617e-08
723 2.978164e-08
724 2.133070e-08
725 1.471226e-08
726 9.605376e-09
727 6.037516e-09
728 3.818418e-09
729 2.432364e-09
730 1.583551e-09
731 1.049526e-09
732 6.983637e-10
733 4.582009e-10
734 2.914826e-10
735 5.555607e-08
736 4.739068e-08
737 3.775611e-08
738 2.829337e-08
739 2.026184e-08
740 1.395691e-08
741 9.128003e-09
742 5.754888e-09
743 3.640696e-09
744 2.320478e-09
745 1.510682e-09
746 1.000083e-09
747 6.641513e-10
748 4.347862e-10
749 2.760468e-10
750 5.968942e-08
751 5.139093e-08
752 4.131333e-08
753 3.117527e-08
754 2.243376e-08
755 1.553706e-08
756 1.022639e-08
757 6.447008e-09
758 4.069821e-09
759 2.581081e-09
760 1.671432e-09
761 1.101963e-09
762 7.305598e-10
763 4.787839e-10
764 3.051227e-10
765 6.492779e-08
766 5.644599e-08
767 4.580829e-08
768 3.481765e-08
769 2.517723e-08
770 1.753244e-08
771 1.161368e-08
772 7.321099e-09
773 4.612161e-09
774 2.910032e-09
775 1.874431e-09
776 1.230561e-09
777 8.144216e-10
778 5.344488e-10
779 3.418967e-10
780 6.479011e-08
781 5.644134e-08
782 4.591821e-08
783 3.500684e-08
784 2.537064e-08
785 1.768857e-08
786 1.175061e-08
787 7.433133e-09
788 4.676303e-09
789 2.949636e-09
790 1.895927e-09
791 1.241364e-09
792 8.196982e-10
793 5.371291e-10
794 3.434943e-10
795 7.131024e-08
796 6.289796e-08
797 5.181688e-08
798 3.992678e-08
799 2.915284e-08
800 2.046337e-08
801 1.371805e-08
802 8.710055e-09
803 5.461652e-09
804 3.427619e-09
805 2.186537e-09
806 1.421397e-09
807 9.346412e-10
808 6.122094e-10
809 3.927981e-10
810 7.993124e-08
811 7.168179e-08
812 6.012702e-08
813 4.711082e-08
814 3.482697e-08
815 2.467733e-08
816 1.675595e-08
817 1.075936e-08
818 6.720920e-09
819 4.200492e-09
820 2.648723e-09
821 1.700911e-09
822 1.108030e-09
823 7.227060e-10
824 4.643624e-10
825 5.128112e-07
826 4.100851e-07
827 3.092317e-07
828 2.346431e-07
829 1.585048e-07
830 9.938853e-08
831 6.235560e-08
832 3.881491e-08
833 0.000000e+00
834 0.000000e+00
835 0.000000e+00
836 0.000000e+00
837 0.000000e+00
838 0.000000e+00
839 0.000000e+00
840 6.552521e-07
841 5.271487e-07
842 3.977943e-07
843 3.017825e-07
844 2.059065e-07
845 1.288290e-07
846 8.104167e-08
847 5.034063e-08
848 0.000000e+00
849 0.000000e+00
850 0.000000e+00
851 0.000000e+00
852 0.000000e+00
853 0.000000e+00
854 0.000000e+00
855 7.518080e-07
856 6.064915e-07
857 4.578158e-07
858 3.472706e-07
859 2.380314e-07
860 1.487787e-07
861 9.370607e-08
862 5.815227e-08
863 0.000000e+00
864 0.000000e+00
865 0.000000e+00
866 0.000000e+00
867 0.000000e+00
868 0.000000e+00
869 0.000000e+00
870 8.249430e-07
871 6.665674e-07
872 5.032619e-07
873 3.817375e-07
874 2.623680e-07
875 1.638917e-07
876 1.033007e-07
877 6.406912e-08
878 0.000000e+00
879 0.000000e+00
880 0.000000e+00
881 0.000000e+00
882 0.000000e+00
883 0.000000e+00
884 0.000000e+00
885 8.842868e-07
886 7.153405e-07
887 5.401580e-07
888 4.097052e-07
889 2.821196e-07
890 1.761573e-07
891 1.110866e-07
892 6.887125e-08
893 0.000000e+00
894 0.000000e+00
895 0.000000e+00
896 0.000000e+00
897 0.000000e+00
898 0.000000e+00
899 0.000000e+00
900 9.332119e-07
901 7.555384e-07
902 5.705654e-07
903 4.327571e-07
904 2.983969e-07
905 1.862664e-07
906 1.175040e-07
907 7.282948e-08
908 0.000000e+00
909 0.000000e+00
910 0.000000e+00
911 0.000000e+00
912 0.000000e+00
913 0.000000e+00
914 0.000000e+00
915 9.761229e-07
916 7.908010e-07
917 5.972410e-07
918 4.529799e-07
919 3.126761e-07
920 1.951338e-07
921 1.231332e-07
922 7.630144e-08
923 0.000000e+00
924 0.000000e+00
925 0.000000e+00
926 0.000000e+00
927 0.000000e+00
928 0.000000e+00
929 0.000000e+00
930 1.030452e-06
931 8.354680e-07
932 6.310385e-07
933 4.786020e-07
934 3.307689e-07
935 2.063687e-07
936 1.302653e-07
937 8.070066e-08
938 0.000000e+00
939 0.000000e+00
940 0.000000e+00
941 0.000000e+00
942 0.000000e+00
943 0.000000e+00
944 0.000000e+00
945 2.379214e-07
946 2.234632e-07
947 1.830138e-07
948 1.367042e-07
949 1.048466e-07
950 7.393002e-08
951 4.522277e-08
952 2.795987e-08
953 1.711333e-08
954 0.000000e+00
955 0.000000e+00
956 0.000000e+00
957 0.000000e+00
958 0.000000e+00
959 0.000000e+00
960 3.436184e-07
961 3.241808e-07
962 2.668250e-07
963 1.996184e-07
964 1.527907e-07
965 1.086741e-07
966 6.623571e-08
967 4.116885e-08
968 2.515190e-08
969 0.000000e+00
970 0.000000e+00
971 0.000000e+00
972 0.000000e+00
973 0.000000e+00
974 0.000000e+00
975 4.233803e-07
976 4.001744e-07
977 3.300460e-07
978 2.470704e-07
979 1.889554e-07
980 1.348733e-07
981 8.207985e-08
982 5.112628e-08
983 3.121245e-08
984 0.000000e+00
985 0.000000e+00
986 0.000000e+00
987 0.000000e+00
988 0.000000e+00
989 0.000000e+00
990 4.881349e-07
991 4.618696e-07
992 3.813711e-07
993 2.855937e-07
994 2.183152e-07
995 1.561432e-07
996 9.494286e-08
997 5.921026e-08
998 3.613270e-08
999 0.000000e+00
1000 0.000000e+00
1001 0.000000e+00
1002 0.000000e+00
1003 0.000000e+00
1004 0.000000e+00
1005 5.414828e-07
1006 5.126956e-07
1007 4.236551e-07
1008 3.173310e-07
1009 2.425031e-07
1010 1.736662e-07
1011 1.055399e-07
1012 6.587018e-08
1013 4.018626e-08
1014 0.000000e+00
1015 0.000000e+00
1016 0.000000e+00
1017 0.000000e+00
1018 0.000000e+00
1019 0.000000e+00
1020 5.882949e-07
1021 5.572946e-07
1022 4.607584e-07
1023 3.451797e-07
1024 2.637275e-07
1025 1.890440e-07
1026 1.148386e-07
1027 7.171406e-08
1028 4.374312e-08
1029 0.000000e+00
1030 0.000000e+00
1031 0.000000e+00
1032 0.000000e+00
1033 0.000000e+00
1034 0.000000e+00
1035 6.476079e-07
1036 6.138015e-07
1037 5.077685e-07
1038 3.804642e-07
1039 2.906189e-07
1040 2.085258e-07
1041 1.266203e-07
1042 7.911838e-08
1043 4.824972e-08
1044 0.000000e+00
1045 0.000000e+00
1046 0.000000e+00
1047 0.000000e+00
1048 0.000000e+00
1049 0.000000e+00
1050 1.272367e-07
1051 1.299073e-07
1052 1.176992e-07
1053 9.282953e-08
1054 6.891770e-08
1055 5.349175e-08
1056 3.459722e-08
1057 2.209407e-08
1058 1.306010e-08
1059 7.876386e-09
1060 0.000000e+00
1061 0.000000e+00
1062 0.000000e+00
1063 0.000000e+00
1064 0.000000e+00
1065 2.055855e-07
1066 2.105867e-07
1067 1.916858e-07
1068 1.518383e-07
1069 1.127231e-07
1070 8.741169e-08
1071 5.716445e-08
1072 3.624495e-08
1073 2.145713e-08
1074 1.294815e-08
1075 0.000000e+00
1076 0.000000e+00
1077 0.000000e+00
1078 0.000000e+00
1079 0.000000e+00
1080 2.684626e-07
1081 2.753136e-07
1082 2.510161e-07
1083 1.991357e-07
1084 1.478329e-07
1085 1.146018e-07
1086 7.522640e-08
1087 4.758512e-08
1088 2.818372e-08
1089 1.701116e-08
1090 0.000000e+00
1091 0.000000e+00
1092 0.000000e+00
1093 0.000000e+00
1094 0.000000e+00
1095 3.202687e-07
1096 3.286344e-07
1097 2.998901e-07
1098 2.381054e-07
1099 1.767549e-07
1100 1.370051e-07
1101 9.011284e-08
1102 5.692736e-08
1103 3.372593e-08
1104 2.035877e-08
1105 0.000000e+00
1106 0.000000e+00
1107 0.000000e+00
1108 0.000000e+00
1109 0.000000e+00
1110 3.657184e-07
1111 3.754192e-07
1112 3.427739e-07
1113 2.722837e-07
1114 2.021322e-07
1115 1.566571e-07
1116 1.031728e-07
1117 6.512426e-08
1118 3.858813e-08
1119 2.329565e-08
1120 0.000000e+00
1121 0.000000e+00
1122 0.000000e+00
1123 0.000000e+00
1124 0.000000e+00
1125 4.232993e-07
1126 4.347047e-07
1127 3.970871e-07
1128 3.156047e-07
1129 2.342903e-07
1130 1.815716e-07
1131 1.197223e-07
1132 7.551406e-08
1133 4.474949e-08
1134 2.701724e-08
1135 0.000000e+00
1136 0.000000e+00
1137 0.000000e+00
1138 0.000000e+00
1139 0.000000e+00
1140 1.367654e-07
1141 1.468755e-07
1142 1.430621e-07
1143 1.216721e-07
1144 9.180387e-08
1145 6.934127e-08
1146 5.215632e-08
1147 3.064743e-08
1148 1.951372e-08
1149 1.157638e-08
1150 6.848365e-09
1151 0.000000e+00
1152 0.000000e+00
1153 0.000000e+00
1154 0.000000e+00
1155 1.857521e-07
1156 1.996485e-07
1157 1.947017e-07
1158 1.658470e-07
1159 1.252302e-07
1160 9.453090e-08
1161 7.121973e-08
1162 4.186992e-08
1163 2.670714e-08
1164 1.583264e-08
1165 9.354514e-09
1166 0.000000e+00
1167 0.000000e+00
1168 0.000000e+00
1169 0.000000e+00
1170 2.287291e-07
1171 2.459544e-07
1172 2.400077e-07
1173 2.045946e-07
1174 1.545562e-07
1175 1.166258e-07
1176 8.794488e-08
1177 5.171362e-08
1178 3.301847e-08
1179 1.956701e-08
1180 1.155275e-08
1181 0.000000e+00
1182 0.000000e+00
1183 0.000000e+00
1184 0.000000e+00
1185 2.831904e-07
1186 3.046178e-07
1187 2.974167e-07
1188 2.536910e-07
1189 1.917087e-07
1190 1.446218e-07
1191 1.091342e-07
1192 6.418924e-08
1193 4.101609e-08
1194 2.429914e-08
1195 1.433881e-08
1196 0.000000e+00
1197 0.000000e+00
1198 0.000000e+00
1199 0.000000e+00
1200 9.740308e-08
1201 1.080077e-07
1202 1.102384e-07
1203 9.966606e-08
1204 7.832761e-08
1205 5.809940e-08
1206 4.521824e-08
1207 2.879425e-08
1208 1.847140e-08
1209 1.069569e-08
1210 6.272374e-09
1211 0.000000e+00
1212 0.000000e+00
1213 0.000000e+00
1214 0.000000e+00
1215 1.375233e-07
1216 1.525912e-07
1217 1.558859e-07
1218 1.411207e-07
1219 1.110315e-07
1220 8.234773e-08
1221 6.408353e-08
1222 4.093479e-08
1223 2.621092e-08
1224 1.517507e-08
1225 8.905282e-09
1226 0.000000e+00
1227 0.000000e+00
1228 0.000000e+00
1229 0.000000e+00
1230 1.883675e-07
1231 2.090935e-07
1232 2.137377e-07
1233 1.936531e-07
1234 1.524770e-07
1235 1.130776e-07
1236 8.799147e-08
1237 5.631702e-08
1238 3.601915e-08
1239 2.085156e-08
1240 1.224174e-08
1241 0.000000e+00
1242 0.000000e+00
1243 0.000000e+00
1244 0.000000e+00
1245 7.513625e-08
1246 8.530900e-08
1247 9.007595e-08
1248 8.547487e-08
1249 7.041916e-08
1250 5.242869e-08
1251 4.020278e-08
1252 2.875622e-08
1253 1.703445e-08
1254 1.018670e-08
1255 5.993080e-09
1256 0.000000e+00
1257 0.000000e+00
1258 0.000000e+00
1259 0.000000e+00
1260 1.222470e-07
1261 1.388787e-07
1262 1.467599e-07
1263 1.394327e-07
1264 1.150277e-07
1265 8.567516e-08
1266 6.565561e-08
1267 4.708755e-08
1268 2.784537e-08
1269 1.668912e-08
1270 9.812642e-09
1271 0.000000e+00
1272 0.000000e+00
1273 0.000000e+00
1274 0.000000e+00
1275 7.541000e-08
1276 8.722121e-08
1277 9.452162e-08
1278 9.317578e-08
1279 8.032074e-08
1280 6.095833e-08
1281 4.579399e-08
1282 3.502660e-08
1283 2.040492e-08
1284 1.312602e-08
1285 7.585922e-09
1286 4.261350e-09
1287 0.000000e+00
1288 0.000000e+00
1289 0.000000e+00
1290 4.053057e-08
1291 4.757712e-08
1292 5.261869e-08
1293 5.343696e-08
1294 4.792476e-08
1295 3.737489e-08
1296 2.774445e-08
1297 2.163693e-08
1298 1.340328e-08
1299 8.679421e-09
1300 4.941196e-09
1301 2.785652e-09
1302 0.000000e+00
1303 0.000000e+00
1304 0.000000e+00
1305 3.940314e-05
1306 3.178477e-05
1307 2.392568e-05
1308 1.821170e-05
1309 1.249484e-05
1310 7.786909e-06
1311 4.897785e-06
1312 3.041024e-06
1313 0.000000e+00
1314 0.000000e+00
1315 0.000000e+00
1316 0.000000e+00
1317 0.000000e+00
1318 0.000000e+00
1319 0.000000e+00
1320 2.252276e-05
1321 2.138260e-05
1322 1.769491e-05
1323 1.323475e-05
1324 1.011423e-05
1325 7.290012e-06
1326 4.396049e-06
1327 2.741061e-06
1328 1.675303e-06
1329 0.000000e+00
1330 0.000000e+00
1331 0.000000e+00
1332 0.000000e+00
1333 0.000000e+00
1334 0.000000e+00
1335 1.469465e-05
1336 1.510875e-05
1337 1.382008e-05
1338 1.098556e-05
1339 8.146752e-06
1340 6.323407e-06
1341 4.171550e-06
1342 2.636198e-06
1343 1.555977e-06
1344 9.411624e-07
1345 0.000000e+00
1346 0.000000e+00
1347 0.000000e+00
1348 0.000000e+00
1349 0.000000e+00
1350 1.001309e-05
1351 1.078056e-05
1352 1.053860e-05
1353 8.999008e-06
1354 6.799306e-06
1355 5.125693e-06
1356 3.880723e-06
1357 2.272265e-06
1358 1.456999e-06
1359 8.628798e-07
1360 5.082091e-07
1361 0.000000e+00
1362 0.000000e+00
1363 0.000000e+00
1364 0.000000e+00
1365 7.094513e-06
1366 7.881287e-06
1367 8.065099e-06
1368 7.316954e-06
1369 5.765031e-06
1370 4.272827e-06
1371 3.327756e-06
1372 2.132885e-06
1373 1.365562e-06
1374 7.891724e-07
1375 4.638831e-07
1376 0.000000e+00
1377 0.000000e+00
1378 0.000000e+00
1379 0.000000e+00
1380 5.188967e-06
1381 5.899209e-06
1382 6.240272e-06
1383 5.937000e-06
1384 4.903981e-06
1385 3.652605e-06
1386 2.797669e-06
1387 2.013394e-06
1388 1.186718e-06
1389 7.117194e-07
1390 4.183335e-07
1391 0.000000e+00
1392 0.000000e+00
1393 0.000000e+00
1394 0.000000e+00
1395 3.886054e-06
1396 4.497914e-06
1397 4.879217e-06
1398 4.816587e-06
1399 4.158960e-06
1400 3.158560e-06
1401 2.370962e-06
1402 1.817658e-06
1403 1.058189e-06
1404 6.829772e-07
1405 3.945620e-07
1406 2.209890e-07
1407 0.000000e+00
1408 0.000000e+00
1409 0.000000e+00
1410 2.701149e-06
1411 3.173514e-06
1412 3.513928e-06
1413 3.574658e-06
1414 3.213173e-06
1415 2.509954e-06
1416 1.862140e-06
1417 1.453115e-06
1418 9.039774e-07
1419 5.849892e-07
1420 3.326670e-07
1421 1.878656e-07
1422 0.000000e+00
1423 0.000000e+00
1424 0.000000e+00
1425 1.550981e-06
1426 1.849274e-06
1427 2.088851e-06
1428 2.187002e-06
1429 2.047964e-06
1430 1.661956e-06
1431 1.232600e-06
1432 9.526567e-07
1433 6.578692e-07
1434 3.968045e-07
1435 2.282191e-07
1436 1.316264e-07
1437 0.000000e+00
1438 0.000000e+00
1439 0.000000e+00
1440 6.870422e-07
1441 8.306820e-07
1442 9.558888e-07
1443 1.027450e-06
1444 9.998523e-07
1445 8.476043e-07
1446 6.375262e-07
1447 4.826224e-07
1448 3.621903e-07
1449 2.083419e-07
1450 1.294011e-07
1451 7.361187e-08
1452 4.047608e-08
1453 0.000000e+00
1454 0.000000e+00
