0 3.015034e-09
1 2.066130e-09
2 1.365998e-09
3 8.906173e-10
4 5.879112e-10
5 3.951264e-10
6 2.705566e-10
7 1.863317e-10
8 1.267329e-10
9 8.354793e-11
10 5.257926e-11
11 3.127081e-11
12 1.751923e-11
13 9.290536e-12
14 4.732689e-12
15 4.918584e-09
16 3.441798e-09
17 2.314938e-09
18 1.504801e-09
19 9.809343e-10
20 6.491406e-10
21 4.395600e-10
22 3.017898e-10
23 2.073135e-10
24 1.395376e-10
25 9.035175e-11
26 5.554502e-11
27 3.217852e-11
28 1.754720e-11
29 9.105053e-12
30 5.492824e-09
31 3.860257e-09
32 2.607650e-09
33 1.695707e-09
34 1.102125e-09
35 7.271865e-10
36 4.905730e-10
37 3.367364e-10
38 2.316150e-10
39 1.564858e-10
40 1.019147e-10
41 6.306748e-11
42 3.678121e-11
43 2.017321e-11
44 1.050961e-11
45 5.814726e-09
46 4.093491e-09
47 2.771253e-09
48 1.802153e-09
49 1.169719e-09
50 7.707821e-10
51 5.192683e-10
52 3.562026e-10
53 2.451993e-10
54 1.659451e-10
55 1.083570e-10
56 6.727206e-11
57 3.935630e-11
58 2.164502e-11
59 1.129303e-11
60 6.030170e-09
61 4.251593e-09
62 2.881803e-09
63 1.874036e-09
64 1.215559e-09
65 8.002209e-10
66 5.386245e-10
67 3.693844e-10
68 2.543545e-10
69 1.723460e-10
70 1.127290e-10
71 7.010749e-11
72 4.108816e-11
73 2.264031e-11
74 1.182299e-11
75 6.194693e-09
76 4.371255e-09
77 2.965552e-09
78 1.928521e-09
79 1.250141e-09
80 8.225735e-10
81 5.532951e-10
82 3.793390e-10
83 2.613015e-10
84 1.772123e-10
85 1.160239e-10
86 7.226573e-11
87 4.241224e-11
88 2.338659e-11
89 1.222359e-11
90 6.329240e-09
91 4.468426e-09
92 3.033510e-09
93 1.972824e-09
94 1.278219e-09
95 8.406085e-10
96 5.652042e-10
97 3.874237e-10
98 2.669902e-10
99 1.812075e-10
100 1.187130e-10
101 7.400781e-11
102 4.348408e-11
103 2.400211e-11
104 1.255184e-11
105 6.439079e-09
106 4.548738e-09
107 3.089572e-09
108 2.009277e-09
109 1.301420e-09
110 8.555450e-10
111 5.750355e-10
112 3.941606e-10
113 2.716570e-10
114 1.844239e-10
115 1.209561e-10
116 7.545564e-11
117 4.435720e-11
118 2.450174e-11
119 1.281857e-11
120 6.534577e-09
121 4.618374e-09
122 3.139000e-09
123 2.041546e-09
124 1.321842e-09
125 8.686286e-10
126 5.836424e-10
127 3.999980e-10
128 2.757065e-10
129 1.872565e-10
130 1.228737e-10
131 7.669839e-11
132 4.513842e-11
133 2.494601e-11
134 1.305691e-11
135 6.656685e-09
136 4.707369e-09
137 3.201312e-09
138 2.082219e-09
139 1.347592e-09
140 8.853333e-10
141 5.947107e-10
142 4.074919e-10
143 2.809339e-10
144 1.908676e-10
145 1.253418e-10
146 7.831461e-11
147 4.612010e-11
148 2.550541e-11
149 1.335418e-11
150 1.046168e-08
151 7.581129e-09
152 5.298859e-09
153 3.542474e-09
154 2.283197e-09
155 1.481121e-09
156 9.733174e-10
157 6.547494e-10
158 4.481167e-10
159 3.068540e-10
160 2.059634e-10
161 1.330582e-10
162 8.167740e-11
163 4.721361e-11
164 2.571966e-11
165 1.292439e-08
166 9.466505e-09
167 6.682803e-09
168 4.526029e-09
169 2.926740e-09
170 1.887469e-09
171 1.231151e-09
172 8.212189e-10
173 5.591730e-10
174 3.831291e-10
175 2.589443e-10
176 1.692612e-10
177 1.054883e-10
178 6.205046e-11
179 3.434675e-11
180 1.428842e-08
181 1.050970e-08
182 7.449384e-09
183 5.069020e-09
184 3.282314e-09
185 2.111765e-09
186 1.373063e-09
187 9.133279e-10
188 6.204458e-10
189 4.253041e-10
190 2.881882e-10
191 1.892827e-10
192 1.186512e-10
193 7.023689e-11
194 3.911324e-11
195 1.521236e-08
196 1.121756e-08
197 7.967856e-09
198 5.437893e-09
199 3.523333e-09
200 2.263152e-09
201 1.469436e-09
202 9.755635e-10
203 6.620017e-10
204 4.538565e-10
205 3.080269e-10
206 2.028173e-10
207 1.275870e-10
208 7.578428e-11
209 4.234387e-11
210 1.590956e-08
211 1.175199e-08
212 8.360425e-09
213 5.716249e-09
214 3.704998e-09
215 2.378382e-09
216 1.542500e-09
217 1.022681e-09
218 6.934849e-10
219 4.754331e-10
220 3.230319e-10
221 2.131161e-10
222 1.343371e-10
223 7.999283e-11
224 4.478933e-11
225 1.648049e-08
226 1.218721e-08
227 8.679349e-09
228 5.942474e-09
229 3.852664e-09
230 2.471517e-09
231 1.601625e-09
232 1.060832e-09
233 7.189633e-10
234 4.930345e-10
235 3.352610e-10
236 2.214086e-10
237 1.397985e-10
238 8.340509e-11
239 4.676996e-11
240 1.694965e-08
241 1.254698e-08
242 8.943287e-09
243 6.130324e-09
244 3.975481e-09
245 2.548933e-09
246 1.650800e-09
247 1.092530e-09
248 7.400949e-10
249 5.075558e-10
250 3.452896e-10
251 2.283611e-10
252 1.443672e-10
253 8.621489e-11
254 4.841577e-11
255 1.736064e-08
256 1.286086e-08
257 9.174398e-09
258 6.294421e-09
259 4.082283e-09
260 2.616144e-09
261 1.693512e-09
262 1.120112e-09
263 7.585405e-10
264 5.202365e-10
265 3.541217e-10
266 2.344127e-10
267 1.483195e-10
268 8.869672e-11
269 4.983554e-11
270 1.788120e-08
271 1.325867e-08
272 9.466530e-09
273 6.500527e-09
274 4.217546e-09
275 2.701851e-09
276 1.747949e-09
277 1.155366e-09
278 7.818480e-10
279 5.363000e-10
280 3.652794e-10
281 2.419788e-10
282 1.533391e-10
283 9.181732e-11
284 5.165385e-11
285 1.748848e-08
286 1.311444e-08
287 9.413722e-09
288 6.513226e-09
289 4.297477e-09
290 2.751997e-09
291 1.780250e-09
292 1.167154e-09
293 7.833943e-10
294 5.335157e-10
295 3.623304e-10
296 2.404600e-10
297 1.534254e-10
298 9.296036e-11
299 5.311494e-11
300 2.025392e-08
301 1.535330e-08
302 1.110315e-08
303 7.743824e-09
304 5.156472e-09
305 3.300032e-09
306 2.126814e-09
307 1.384456e-09
308 9.233455e-10
309 6.268194e-10
310 4.260935e-10
311 2.843990e-10
312 1.830917e-10
313 1.121939e-10
314 6.491241e-11
315 2.210730e-08
316 1.685346e-08
317 1.223282e-08
318 8.569159e-09
319 5.731778e-09
320 3.665050e-09
321 2.357923e-09
322 1.529545e-09
323 1.016983e-09
324 6.892622e-10
325 4.688182e-10
326 3.137242e-10
327 2.029303e-10
328 1.250661e-10
329 7.280512e-11
330 2.351248e-08
331 1.799004e-08
332 1.308960e-08
333 9.191406e-09
334 6.167488e-09
335 3.942438e-09
336 2.533355e-09
337 1.639421e-09
338 1.087928e-09
339 7.364889e-10
340 5.011726e-10
341 3.360681e-10
342 2.180216e-10
343 1.348284e-10
344 7.878643e-11
345 2.466150e-08
346 1.891614e-08
347 1.378581e-08
348 9.699196e-09
349 6.521521e-09
350 4.167795e-09
351 2.675851e-09
352 1.728937e-09
353 1.145641e-09
354 7.750081e-10
355 5.275204e-10
356 3.540968e-10
357 2.302243e-10
358 1.427721e-10
359 8.364989e-11
360 2.560389e-08
361 1.967874e-08
362 1.436015e-08
363 1.011920e-08
364 6.813339e-09
365 4.353453e-09
366 2.793030e-09
367 1.802379e-09
368 1.193136e-09
369 8.066556e-10
370 5.492536e-10
371 3.690899e-10
372 2.403298e-10
373 1.493083e-10
374 8.765334e-11
375 2.642656e-08
376 2.034710e-08
377 1.486353e-08
378 1.048579e-08
379 7.069476e-09
380 4.516818e-09
381 2.896605e-09
382 1.867086e-09
383 1.234843e-09
384 8.344751e-10
385 5.682849e-10
386 3.821816e-10
387 2.491577e-10
388 1.550608e-10
389 9.115587e-11
390 2.747454e-08
391 2.119209e-08
392 1.550112e-08
393 1.094859e-08
394 7.392772e-09
395 4.722456e-09
396 3.027062e-09
397 1.948924e-09
398 1.287699e-09
399 8.697336e-10
400 5.923025e-10
401 3.987513e-10
402 2.603466e-10
403 1.623017e-10
404 9.561336e-11
405 2.453219e-08
406 1.896754e-08
407 1.391028e-08
408 9.814188e-09
409 6.643156e-09
410 4.287214e-09
411 2.742514e-09
412 1.771001e-09
413 1.167438e-09
414 7.853029e-10
415 5.323896e-10
416 3.570343e-10
417 2.325030e-10
418 1.448741e-10
419 8.553740e-11
420 2.750686e-08
421 2.149900e-08
422 1.588238e-08
423 1.127361e-08
424 7.690775e-09
425 4.987229e-09
426 3.178604e-09
427 2.045793e-09
428 1.340308e-09
429 8.970664e-10
430 6.071734e-10
431 4.080020e-10
432 2.671661e-10
433 1.678436e-10
434 1.000804e-10
435 2.974066e-08
436 2.339765e-08
437 1.736068e-08
438 1.236441e-08
439 8.474858e-09
440 5.510085e-09
441 3.504062e-09
442 2.251064e-09
443 1.469438e-09
444 9.806181e-10
445 6.631156e-10
446 4.462199e-10
447 2.931487e-10
448 1.850654e-10
449 1.109750e-10
450 3.155967e-08
451 2.493897e-08
452 1.855993e-08
453 1.325084e-08
454 9.111184e-09
455 5.935427e-09
456 3.768710e-09
457 2.418103e-09
458 1.574406e-09
459 1.048588e-09
460 7.086122e-10
461 4.772195e-10
462 3.142805e-10
463 1.990529e-10
464 1.198212e-10
465 3.306069e-08
466 2.620961e-08
467 1.954869e-08
468 1.398250e-08
469 9.636529e-09
470 6.285641e-09
471 3.986247e-09
472 2.555155e-09
473 1.660893e-09
474 1.104528e-09
475 7.461034e-10
476 5.028046e-10
477 3.316862e-10
478 2.105954e-10
479 1.270918e-10
480 3.437002e-08
481 2.732459e-08
482 2.041983e-08
483 1.462416e-08
484 1.009848e-08
485 6.594528e-09
486 4.179191e-09
487 2.676107e-09
488 1.736870e-09
489 1.153848e-09
490 7.790891e-10
491 5.253059e-10
492 3.469657e-10
493 2.206789e-10
494 1.335194e-10
495 3.604203e-08
496 2.873527e-08
497 2.151830e-08
498 1.543570e-08
499 1.068115e-08
500 6.983343e-09
501 4.420820e-09
502 2.828487e-09
503 1.832954e-09
504 1.215989e-09
505 8.206795e-10
506 5.537087e-10
507 3.662694e-10
508 2.335201e-10
509 1.416301e-10
510 3.171090e-08
511 2.521071e-08
512 1.887408e-08
513 1.352138e-08
514 9.325960e-09
515 6.121817e-09
516 3.893344e-09
517 2.495789e-09
518 1.618620e-09
519 1.073544e-09
520 7.227233e-10
521 4.857081e-10
522 3.198557e-10
523 2.030899e-10
524 1.228320e-10
525 3.491735e-08
526 2.804640e-08
527 2.116616e-08
528 1.524448e-08
529 1.058073e-08
530 6.993272e-09
531 4.444462e-09
532 2.841837e-09
533 1.832612e-09
534 1.209255e-09
535 8.113905e-10
536 5.452951e-10
537 3.602361e-10
538 2.301049e-10
539 1.402656e-10
540 3.751243e-08
541 3.033692e-08
542 2.301050e-08
543 1.663143e-08
544 1.158915e-08
545 7.694123e-09
546 4.885961e-09
547 3.119820e-09
548 2.004128e-09
549 1.318141e-09
550 8.826808e-10
551 5.931896e-10
552 3.927307e-10
553 2.518445e-10
554 1.543052e-10
555 3.964772e-08
556 3.222515e-08
557 2.453334e-08
558 1.777835e-08
559 1.242194e-08
560 8.271811e-09
561 5.249757e-09
562 3.348536e-09
563 2.145544e-09
564 1.407875e-09
565 9.415248e-10
566 6.327592e-10
567 4.195988e-10
568 2.697916e-10
569 1.658572e-10
570 4.151942e-08
571 3.387936e-08
572 2.586719e-08
573 1.877942e-08
574 1.315214e-08
575 8.779422e-09
576 5.570223e-09
577 3.549711e-09
578 2.269639e-09
579 1.486728e-09
580 9.931526e-10
581 6.673981e-10
582 4.431018e-10
583 2.855484e-10
584 1.760196e-10
585 4.390169e-08
586 3.597754e-08
587 2.756461e-08
588 2.005384e-08
589 1.407677e-08
590 9.421361e-09
591 5.975333e-09
592 3.803942e-09
593 2.427221e-09
594 1.586548e-09
595 1.058419e-09
596 7.112906e-10
597 4.728649e-10
598 3.054436e-10
599 1.888884e-10
600 3.921710e-08
601 3.197894e-08
602 2.444679e-08
603 1.776723e-08
604 1.243323e-08
605 8.310839e-09
606 5.303737e-09
607 3.375267e-09
608 2.162386e-09
609 1.414650e-09
610 9.429421e-10
611 6.320886e-10
612 4.185642e-10
613 2.691636e-10
614 1.657811e-10
615 4.271761e-08
616 3.517808e-08
617 2.712064e-08
618 1.982408e-08
619 1.394320e-08
620 9.386156e-09
621 6.005662e-09
622 3.811070e-09
623 2.432013e-09
624 1.582890e-09
625 1.050320e-09
626 7.028159e-10
627 4.660232e-10
628 3.010007e-10
629 1.865901e-10
630 4.559036e-08
631 3.780677e-08
632 2.931180e-08
633 2.150999e-08
634 1.517950e-08
635 1.026483e-08
636 6.578620e-09
637 4.166203e-09
638 2.652149e-09
639 1.720135e-09
640 1.138066e-09
641 7.607586e-10
642 5.050198e-10
643 3.270539e-10
644 2.036414e-10
645 4.810632e-08
646 4.011079e-08
647 3.123522e-08
648 2.298810e-08
649 1.626558e-08
650 1.103741e-08
651 7.083412e-09
652 4.478194e-09
653 2.845286e-09
654 1.840741e-09
655 1.215146e-09
656 8.115850e-10
657 5.391029e-10
658 3.499790e-10
659 2.185860e-10
660 5.130886e-08
661 4.303627e-08
662 3.367314e-08
663 2.485827e-08
664 1.764029e-08
665 1.201529e-08
666 7.720939e-09
667 4.873762e-09
668 3.090316e-09
669 1.993447e-09
670 1.312677e-09
671 8.759612e-10
672 5.823568e-10
673 3.789603e-10
674 2.375269e-10
675 4.724537e-08
676 3.944428e-08
677 3.079724e-08
678 2.272420e-08
679 1.609627e-08
680 1.093910e-08
681 7.054804e-09
682 4.460276e-09
683 2.836734e-09
684 1.831141e-09
685 1.205547e-09
686 8.031902e-10
687 5.324893e-10
688 3.453368e-10
689 2.157375e-10
690 5.098427e-08
691 4.297237e-08
692 3.383914e-08
693 2.512556e-08
694 1.788027e-08
695 1.222498e-08
696 7.924482e-09
697 4.999029e-09
698 3.172629e-09
699 2.036769e-09
700 1.334508e-09
701 8.863710e-10
702 5.875722e-10
703 3.819788e-10
704 2.398401e-10
705 5.425148e-08
706 4.605736e-08
707 3.649940e-08
708 2.722299e-08
709 1.943710e-08
710 1.334788e-08
711 8.683264e-09
712 5.469298e-09
713 3.465380e-09
714 2.216355e-09
715 1.447073e-09
716 9.588532e-10
717 6.355849e-10
718 4.140644e-10
719 2.609512e-10
720 5.840952e-08
721 4.996331e-08
722 3.987374e-08
723 2.988301e-08
724 2.141161e-08
725 1.477189e-08
726 9.646101e-09
727 6.064752e-09
728 3.836681e-09
729 2.443914e-09
730 1.589430e-09
731 1.050929e-09
732 6.964996e-10
733 4.547355e-10
734 2.876280e-10
735 5.567761e-08
736 4.751237e-08
737 3.786896e-08
738 2.839041e-08
739 2.033895e-08
740 1.401349e-08
741 9.166689e-09
742 5.780714e-09
743 3.658050e-09
744 2.331217e-09
745 1.516206e-09
746 1.001436e-09
747 6.624445e-10
748 4.314559e-10
749 2.723639e-10
750 5.981484e-08
751 5.151734e-08
752 4.143168e-08
753 3.127774e-08
754 2.251581e-08
755 1.559771e-08
756 1.026816e-08
757 6.474897e-09
758 4.088422e-09
759 2.592897e-09
760 1.677499e-09
761 1.103279e-09
762 7.286019e-10
763 4.751610e-10
764 3.011607e-10
765 6.505831e-08
766 5.657868e-08
767 4.593358e-08
768 3.492694e-08
769 2.526556e-08
770 1.759839e-08
771 1.165925e-08
772 7.351511e-09
773 4.632479e-09
774 2.922951e-09
775 1.881021e-09
776 1.231916e-09
777 8.123789e-10
778 5.304856e-10
779 3.374540e-10
780 6.491977e-08
781 5.657312e-08
782 4.604262e-08
783 3.511549e-08
784 2.545839e-08
785 1.775411e-08
786 1.179606e-08
787 7.463426e-09
788 4.696497e-09
789 2.962477e-09
790 1.902535e-09
791 1.242911e-09
792 8.176271e-10
793 5.331458e-10
794 3.390675e-10
795 7.144533e-08
796 6.303666e-08
797 5.194897e-08
798 4.004325e-08
799 2.924782e-08
800 2.053504e-08
801 1.376802e-08
802 8.743408e-09
803 5.483857e-09
804 3.441788e-09
805 2.193783e-09
806 1.423123e-09
807 9.324051e-10
808 6.077503e-10
809 3.878366e-10
810 8.007214e-08
811 7.182787e-08
812 6.026772e-08
813 4.723626e-08
814 3.493040e-08
815 2.475622e-08
816 1.681149e-08
817 1.079643e-08
818 6.745479e-09
819 4.216209e-09
820 2.656824e-09
821 1.702876e-09
822 1.105572e-09
823 7.176772e-10
824 4.586281e-10
825 5.138031e-07
826 4.111792e-07
827 3.103329e-07
828 2.357028e-07
829 1.592882e-07
830 9.988785e-08
831 6.268979e-08
832 3.903903e-08
833 0.000000e+00
834 0.000000e+00
835 0.000000e+00
836 0.000000e+00
837 0.000000e+00
838 0.000000e+00
839 0.000000e+00
840 6.564870e-07
841 5.285213e-07
842 3.991789e-07
843 3.031192e-07
844 2.069126e-07
845 1.294692e-07
846 8.146994e-08
847 5.062786e-08
848 0.000000e+00
849 0.000000e+00
850 0.000000e+00
851 0.000000e+00
852 0.000000e+00
853 0.000000e+00
854 0.000000e+00
855 7.532077e-07
856 6.080529e-07
857 4.593927e-07
858 3.487949e-07
859 2.391885e-07
860 1.495144e-07
861 9.419811e-08
862 5.848227e-08
863 0.000000e+00
864 0.000000e+00
865 0.000000e+00
866 0.000000e+00
867 0.000000e+00
868 0.000000e+00
869 0.000000e+00
870 8.264674e-07
871 6.682718e-07
872 5.049842e-07
873 3.834040e-07
874 2.636394e-07
875 1.646996e-07
876 1.038404e-07
877 6.443152e-08
878 0.000000e+00
879 0.000000e+00
880 0.000000e+00
881 0.000000e+00
882 0.000000e+00
883 0.000000e+00
884 0.000000e+00
885 8.859125e-07
886 7.171610e-07
887 5.419985e-07
888 4.114870e-07
889 2.834838e-07
890 1.770240e-07
891 1.116661e-07
892 6.925994e-08
893 0.000000e+00
894 0.000000e+00
895 0.000000e+00
896 0.000000e+00
897 0.000000e+00
898 0.000000e+00
899 0.000000e+00
900 9.349212e-07
901 7.574546e-07
902 5.725032e-07
903 4.346340e-07
904 2.998376e-07
905 1.871814e-07
906 1.181159e-07
907 7.323985e-08
908 0.000000e+00
909 0.000000e+00
910 0.000000e+00
911 0.000000e+00
912 0.000000e+00
913 0.000000e+00
914 0.000000e+00
915 9.779054e-07
916 7.928011e-07
917 5.992642e-07
918 4.549403e-07
919 3.141839e-07
920 1.960912e-07
921 1.237734e-07
922 7.673083e-08
923 0.000000e+00
924 0.000000e+00
925 0.000000e+00
926 0.000000e+00
927 0.000000e+00
928 0.000000e+00
929 0.000000e+00
930 1.032328e-06
931 8.375744e-07
932 6.331699e-07
933 4.806680e-07
934 3.323617e-07
935 2.073799e-07
936 1.309415e-07
937 8.115413e-08
938 0.000000e+00
939 0.000000e+00
940 0.000000e+00
941 0.000000e+00
942 0.000000e+00
943 0.000000e+00
944 0.000000e+00
945 2.381247e-07
946 2.237548e-07
947 1.833523e-07
948 1.370458e-07
949 1.051880e-07
950 7.420895e-08
951 4.539238e-08
952 2.807508e-08
953 1.718670e-08
954 0.000000e+00
955 0.000000e+00
956 0.000000e+00
957 0.000000e+00
958 0.000000e+00
959 0.000000e+00
960 3.439043e-07
961 3.245942e-07
962 2.673081e-07
963 2.001074e-07
964 1.532790e-07
965 1.090794e-07
966 6.648151e-08
967 4.133563e-08
968 2.525879e-08
969 0.000000e+00
970 0.000000e+00
971 0.000000e+00
972 0.000000e+00
973 0.000000e+00
974 0.000000e+00
975 4.237287e-07
976 4.006797e-07
977 3.306383e-07
978 2.476707e-07
979 1.895546e-07
980 1.353739e-07
981 8.238313e-08
982 5.133197e-08
983 3.134462e-08
984 0.000000e+00
985 0.000000e+00
986 0.000000e+00
987 0.000000e+00
988 0.000000e+00
989 0.000000e+00
990 4.885340e-07
991 4.624496e-07
992 3.820522e-07
993 2.862843e-07
994 2.190044e-07
995 1.567211e-07
996 9.529282e-08
997 5.944754e-08
998 3.628540e-08
999 0.000000e+00
1000 0.000000e+00
1001 0.000000e+00
1002 0.000000e+00
1003 0.000000e+00
1004 0.000000e+00
1005 5.419237e-07
1006 5.133371e-07
1007 4.244092e-07
1008 3.180960e-07
1009 2.432665e-07
1010 1.743079e-07
1011 1.059283e-07
1012 6.613349e-08
1013 4.035586e-08
1014 0.000000e+00
1015 0.000000e+00
1016 0.000000e+00
1017 0.000000e+00
1018 0.000000e+00
1019 0.000000e+00
1020 5.887724e-07
1021 5.579901e-07
1022 4.615766e-07
1023 3.460100e-07
1024 2.645560e-07
1025 1.897417e-07
1026 1.152608e-07
1027 7.200020e-08
1028 4.392756e-08
1029 0.000000e+00
1030 0.000000e+00
1031 0.000000e+00
1032 0.000000e+00
1033 0.000000e+00
1034 0.000000e+00
1035 6.481319e-07
1036 6.145654e-07
1037 5.086679e-07
1038 3.813773e-07
1039 2.915299e-07
1040 2.092943e-07
1041 1.270852e-07
1042 7.943345e-08
1043 4.845296e-08
1044 0.000000e+00
1045 0.000000e+00
1046 0.000000e+00
1047 0.000000e+00
1048 0.000000e+00
1049 0.000000e+00
1050 1.272951e-07
1051 1.300070e-07
1052 1.178343e-07
1053 9.297840e-08
1054 6.906532e-08
1055 5.363929e-08
1056 3.470024e-08
1057 2.215881e-08
1058 1.310586e-08
1059 7.901850e-09
1060 0.000000e+00
1061 0.000000e+00
1062 0.000000e+00
1063 0.000000e+00
1064 0.000000e+00
1065 2.056770e-07
1066 2.107438e-07
1067 1.919003e-07
1068 1.520760e-07
1069 1.129592e-07
1070 8.764775e-08
1071 5.733235e-08
1072 3.634957e-08
1073 2.153092e-08
1074 1.298947e-08
1075 0.000000e+00
1076 0.000000e+00
1077 0.000000e+00
1078 0.000000e+00
1079 0.000000e+00
1080 2.685807e-07
1081 2.755170e-07
1082 2.512943e-07
1083 1.994448e-07
1084 1.481400e-07
1085 1.149090e-07
1086 7.544631e-08
1087 4.772175e-08
1088 2.828001e-08
1089 1.706519e-08
1090 0.000000e+00
1091 0.000000e+00
1092 0.000000e+00
1093 0.000000e+00
1094 0.000000e+00
1095 3.204087e-07
1096 3.288759e-07
1097 3.002209e-07
1098 2.384733e-07
1099 1.771206e-07
1100 1.373709e-07
1101 9.037562e-08
1102 5.709035e-08
1103 3.384076e-08
1104 2.042329e-08
1105 0.000000e+00
1106 0.000000e+00
1107 0.000000e+00
1108 0.000000e+00
1109 0.000000e+00
1110 3.658777e-07
1111 3.756941e-07
1112 3.431509e-07
1113 2.727032e-07
1114 2.025493e-07
1115 1.570743e-07
1116 1.034732e-07
1117 6.531039e-08
1118 3.871923e-08
1119 2.336936e-08
1120 0.000000e+00
1121 0.000000e+00
1122 0.000000e+00
1123 0.000000e+00
1124 0.000000e+00
1125 4.234830e-07
1126 4.350219e-07
1127 3.975224e-07
1128 3.160896e-07
1129 2.347724e-07
1130 1.820539e-07
1131 1.200703e-07
1132 7.572951e-08
1133 4.490120e-08
1134 2.710260e-08
1135 0.000000e+00
1136 0.000000e+00
1137 0.000000e+00
1138 0.000000e+00
1139 0.000000e+00
1140 1.367986e-07
1141 1.469414e-07
1142 1.431643e-07
1143 1.217984e-07
1144 9.193450e-08
1145 6.947095e-08
1146 5.227675e-08
1147 3.071624e-08
1148 1.956045e-08
1149 1.160736e-08
1150 6.862002e-09
1151 0.000000e+00
1152 0.000000e+00
1153 0.000000e+00
1154 0.000000e+00
1155 1.857967e-07
1156 1.997371e-07
1157 1.948394e-07
1158 1.660177e-07
1159 1.254068e-07
1160 9.470619e-08
1161 7.138305e-08
1162 4.196336e-08
1163 2.677049e-08
1164 1.587489e-08
1165 9.373029e-09
1166 0.000000e+00
1167 0.000000e+00
1168 0.000000e+00
1169 0.000000e+00
1170 2.287836e-07
1171 2.460629e-07
1172 2.401766e-07
1173 2.048041e-07
1174 1.547732e-07
1175 1.168410e-07
1176 8.814582e-08
1177 5.182867e-08
1178 3.309642e-08
1179 1.961915e-08
1180 1.157555e-08
1181 0.000000e+00
1182 0.000000e+00
1183 0.000000e+00
1184 0.000000e+00
1185 2.832575e-07
1186 3.047515e-07
1187 2.976251e-07
1188 2.539498e-07
1189 1.919768e-07
1190 1.448878e-07
1191 1.093828e-07
1192 6.433167e-08
1193 4.111252e-08
1194 2.436381e-08
1195 1.436702e-08
1196 0.000000e+00
1197 0.000000e+00
1198 0.000000e+00
1199 0.000000e+00
1200 9.741571e-08
1201 1.080364e-07
1202 1.102874e-07
1203 9.973219e-08
1204 7.840011e-08
1205 5.817110e-08
1206 4.529000e-08
1207 2.884192e-08
1208 1.850022e-08
1209 1.071896e-08
1210 6.282374e-09
1211 0.000000e+00
1212 0.000000e+00
1213 0.000000e+00
1214 0.000000e+00
1215 1.375409e-07
1216 1.526312e-07
1217 1.559542e-07
1218 1.412133e-07
1219 1.111331e-07
1220 8.244825e-08
1221 6.418417e-08
1222 4.100199e-08
1223 2.625141e-08
1224 1.520778e-08
1225 8.919415e-09
1226 0.000000e+00
1227 0.000000e+00
1228 0.000000e+00
1229 0.000000e+00
1230 1.883913e-07
1231 2.091478e-07
1232 2.138307e-07
1233 1.937791e-07
1234 1.526155e-07
1235 1.132146e-07
1236 8.812871e-08
1237 5.640896e-08
1238 3.607443e-08
1239 2.089625e-08
1240 1.226110e-08
1241 0.000000e+00
1242 0.000000e+00
1243 0.000000e+00
1244 0.000000e+00
1245 7.514099e-08
1246 8.532112e-08
1247 9.009839e-08
1248 8.550774e-08
1249 7.045786e-08
1250 5.246778e-08
1251 4.024189e-08
1252 2.878826e-08
1253 1.705125e-08
1254 1.020024e-08
1255 6.000679e-09
1256 0.000000e+00
1257 0.000000e+00
1258 0.000000e+00
1259 0.000000e+00
1260 1.222546e-07
1261 1.388980e-07
1262 1.467958e-07
1263 1.394854e-07
1264 1.150898e-07
1265 8.573802e-08
1266 6.571847e-08
1267 4.713931e-08
1268 2.787241e-08
1269 1.671089e-08
1270 9.824991e-09
1271 0.000000e+00
1272 0.000000e+00
1273 0.000000e+00
1274 0.000000e+00
1275 7.541184e-08
1276 8.722664e-08
1277 9.453263e-08
1278 9.319316e-08
1279 8.034252e-08
1280 6.098097e-08
1281 4.581635e-08
1282 3.504798e-08
1283 2.041470e-08
1284 1.313309e-08
1285 7.593319e-09
1286 4.261660e-09
1287 0.000000e+00
1288 0.000000e+00
1289 0.000000e+00
1290 4.053080e-08
1291 4.757779e-08
1292 5.262003e-08
1293 5.343908e-08
1294 4.792745e-08
1295 3.737771e-08
1296 2.774719e-08
1297 2.163962e-08
1298 1.340344e-08
1299 8.678248e-09
1300 4.944084e-09
1301 2.785188e-09
1302 0.000000e+00
1303 0.000000e+00
1304 0.000000e+00
1305 3.947573e-05
1306 3.186606e-05
1307 2.400764e-05
1308 1.829153e-05
1309 1.255582e-05
1310 7.825385e-06
1311 4.923568e-06
1312 3.058248e-06
1313 0.000000e+00
1314 0.000000e+00
1315 0.000000e+00
1316 0.000000e+00
1317 0.000000e+00
1318 0.000000e+00
1319 0.000000e+00
1320 2.254072e-05
1321 2.140895e-05
1322 1.772607e-05
1323 1.326637e-05
1324 1.014581e-05
1325 7.316982e-06
1326 4.412183e-06
1327 2.751996e-06
1328 1.682335e-06
1329 0.000000e+00
1330 0.000000e+00
1331 0.000000e+00
1332 0.000000e+00
1333 0.000000e+00
1334 0.000000e+00
1335 1.470094e-05
1336 1.511967e-05
1337 1.383513e-05
1338 1.100234e-05
1339 8.163430e-06
1340 6.340133e-06
1341 4.183676e-06
1342 2.643693e-06
1343 1.561263e-06
1344 9.441257e-07
1345 0.000000e+00
1346 0.000000e+00
1347 0.000000e+00
1348 0.000000e+00
1349 0.000000e+00
1350 1.001542e-05
1351 1.078523e-05
1352 1.054592e-05
1353 9.008127e-06
1354 6.808762e-06
1355 5.135067e-06
1356 3.889571e-06
1357 2.277299e-06
1358 1.460418e-06
1359 8.651718e-07
1360 5.092045e-07
1361 0.000000e+00
1362 0.000000e+00
1363 0.000000e+00
1364 0.000000e+00
1365 7.095390e-06
1366 7.883299e-06
1367 8.068552e-06
1368 7.321655e-06
1369 5.770211e-06
1370 4.277950e-06
1371 3.332895e-06
1372 2.136350e-06
1373 1.367679e-06
1374 7.908598e-07
1375 4.646158e-07
1376 0.000000e+00
1377 0.000000e+00
1378 0.000000e+00
1379 0.000000e+00
1380 5.189276e-06
1381 5.900008e-06
1382 6.241762e-06
1383 5.939197e-06
1384 4.906584e-06
1385 3.655240e-06
1386 2.800302e-06
1387 2.015584e-06
1388 1.187854e-06
1389 7.126348e-07
1390 4.188566e-07
1391 0.000000e+00
1392 0.000000e+00
1393 0.000000e+00
1394 0.000000e+00
1395 3.886143e-06
1396 4.498181e-06
1397 4.879761e-06
1398 4.817450e-06
1399 4.160047e-06
1400 3.159692e-06
1401 2.372080e-06
1402 1.818737e-06
1403 1.058679e-06
1404 6.833288e-07
1405 3.949434e-07
1406 2.210031e-07
1407 0.000000e+00
1408 0.000000e+00
1409 0.000000e+00
1410 2.701162e-06
1411 3.173551e-06
1412 3.514000e-06
1413 3.574772e-06
1414 3.213319e-06
1415 2.510107e-06
1416 1.862288e-06
1417 1.453260e-06
1418 9.039687e-07
1419 5.848915e-07
1420 3.328541e-07
1421 1.878327e-07
1422 0.000000e+00
1423 0.000000e+00
1424 0.000000e+00
1425 1.550975e-06
1426 1.849214e-06
1427 2.088687e-06
1428 2.186692e-06
1429 2.047510e-06
1430 1.661422e-06
1431 1.232060e-06
1432 9.521118e-07
1433 6.573669e-07
1434 3.964040e-07
1435 2.280809e-07
1436 1.315198e-07
1437 0.000000e+00
1438 0.000000e+00
1439 0.000000e+00
1440 6.870432e-07
1441 8.306402e-07
1442 9.557572e-07
1443 1.027181e-06
1444 9.994265e-07
1445 8.470730e-07
1446 6.369755e-07
1447 4.820737e-07
1448 3.616675e-07
1449 2.079782e-07
1450 1.291828e-07
1451 7.350660e-08
1452 4.037812e-08
1453 0.000000e+00
1454 0.000000e+00
