0 2.998401e-09
1 2.054087e-09
2 1.357965e-09
3 8.855997e-10
4 5.849368e-10
5 3.936034e-10
6 2.700542e-10
7 1.865733e-10
8 1.274893e-10
9 8.464089e-11
10 5.381886e-11
11 3.249446e-11
12 1.858041e-11
13 1.009281e-11
14 5.247404e-12
15 4.893396e-09
16 3.422519e-09
17 2.301475e-09
18 1.496181e-09
19 9.756811e-10
20 6.461602e-10
21 4.378876e-10
22 3.016154e-10
23 2.080352e-10
24 1.408174e-10
25 9.198630e-11
26 5.727520e-11
27 3.377042e-11
28 1.885015e-11
29 1.001529e-11
30 5.465187e-09
31 3.838853e-09
32 2.592543e-09
33 1.685845e-09
34 1.096164e-09
35 7.238045e-10
36 4.889677e-10
37 3.363815e-10
38 2.322349e-10
39 1.577797e-10
40 1.036472e-10
41 6.494018e-11
42 3.852831e-11
43 2.162475e-11
44 1.153915e-11
45 5.785707e-09
46 4.070902e-09
47 2.755224e-09
48 1.791805e-09
49 1.163454e-09
50 7.670749e-10
51 5.174927e-10
52 3.557688e-10
53 2.457796e-10
54 1.672824e-10
55 1.101696e-10
56 6.922704e-11
57 4.119430e-11
58 2.318009e-11
59 1.239225e-11
60 6.000230e-09
61 4.228206e-09
62 2.865153e-09
63 1.863270e-09
64 1.208936e-09
65 7.963850e-10
66 5.367409e-10
67 3.689055e-10
68 2.549137e-10
69 1.736791e-10
70 1.145320e-10
71 7.209931e-11
72 4.298177e-11
73 2.422354e-11
74 1.296644e-11
75 6.164073e-09
76 4.347260e-09
77 2.948451e-09
78 1.917443e-09
79 1.243300e-09
80 8.185830e-10
81 5.513328e-10
82 3.788269e-10
83 2.618453e-10
84 1.785354e-10
85 1.178607e-10
86 7.429429e-11
87 4.434296e-11
88 2.501495e-11
89 1.340232e-11
90 6.298023e-09
91 4.443938e-09
92 3.016013e-09
93 1.961494e-09
94 1.271238e-09
95 8.364819e-10
96 5.631949e-10
97 3.868906e-10
98 2.675355e-10
99 1.825315e-10
100 1.205972e-10
101 7.608914e-11
102 4.545598e-11
103 2.566734e-11
104 1.376050e-11
105 6.407403e-09
106 4.523847e-09
107 3.071757e-09
108 1.997740e-09
109 1.294307e-09
110 8.513975e-10
111 5.730485e-10
112 3.936268e-10
113 2.721820e-10
114 1.857758e-10
115 1.228265e-10
116 7.755097e-11
117 4.636402e-11
118 2.619604e-11
119 1.405057e-11
120 6.502484e-09
121 4.593128e-09
122 3.120944e-09
123 2.029822e-09
124 1.314607e-09
125 8.644654e-10
126 5.815732e-10
127 3.994123e-10
128 2.762055e-10
129 1.886244e-10
130 1.247758e-10
131 7.882675e-11
132 4.715209e-11
133 2.665736e-11
134 1.430300e-11
135 6.624079e-09
136 4.681673e-09
137 3.182869e-09
138 2.070244e-09
139 1.340228e-09
140 8.810166e-10
141 5.925244e-10
142 4.068771e-10
143 2.815154e-10
144 1.922901e-10
145 1.272817e-10
146 8.047701e-11
147 4.818112e-11
148 2.725080e-11
149 1.463014e-11
150 1.041695e-08
151 7.543939e-09
152 5.270464e-09
153 3.522860e-09
154 2.270813e-09
155 1.473585e-09
156 9.690966e-10
157 6.530908e-10
158 4.480348e-10
159 3.080580e-10
160 2.081676e-10
161 1.358362e-10
162 8.451848e-11
163 4.980674e-11
164 2.778302e-11
165 1.287253e-08
166 9.422411e-09
167 6.648259e-09
168 4.501274e-09
169 2.911016e-09
170 1.877801e-09
171 1.225176e-09
172 8.187340e-10
173 5.586956e-10
174 3.842775e-10
175 2.612909e-10
176 1.724246e-10
177 1.088505e-10
178 6.517613e-11
179 3.692205e-11
180 1.423256e-08
181 1.046178e-08
182 7.411460e-09
183 5.041823e-09
184 3.264653e-09
185 2.100908e-09
186 1.366713e-09
187 9.101985e-10
188 6.196295e-10
189 4.262873e-10
190 2.906513e-10
191 1.926508e-10
192 1.222913e-10
193 7.365827e-11
194 4.195913e-11
195 1.515385e-08
196 1.116703e-08
197 7.927951e-09
198 5.408865e-09
199 3.504547e-09
200 2.251514e-09
201 1.462529e-09
202 9.720599e-10
203 6.610083e-10
204 4.548051e-10
205 3.105453e-10
206 2.063513e-10
207 1.314073e-10
208 7.941023e-11
209 4.537695e-11
210 1.584902e-08
211 1.169951e-08
212 8.318446e-09
213 5.685704e-09
214 3.685198e-09
215 2.365881e-09
216 1.535238e-09
217 1.018959e-09
218 6.924035e-10
219 4.764090e-10
220 3.255789e-10
221 2.167217e-10
222 1.382953e-10
223 8.376366e-11
224 4.796322e-11
225 1.641828e-08
226 1.213314e-08
227 8.635954e-09
228 5.911284e-09
229 3.832118e-09
230 2.458781e-09
231 1.594124e-09
232 1.057066e-09
233 7.178428e-10
234 4.939587e-10
235 3.378455e-10
236 2.251389e-10
237 1.438964e-10
238 8.729612e-11
239 5.006208e-11
240 1.688607e-08
241 1.249158e-08
242 8.898741e-09
243 6.097860e-09
244 3.954493e-09
245 2.535792e-09
246 1.643002e-09
247 1.088357e-09
248 7.388014e-10
249 5.083565e-10
250 3.478981e-10
251 2.320818e-10
252 1.485106e-10
253 9.021101e-11
254 5.179846e-11
255 1.729585e-08
256 1.280424e-08
257 9.128807e-09
258 6.261128e-09
259 4.060534e-09
260 2.602674e-09
261 1.685483e-09
262 1.116001e-09
263 7.572028e-10
264 5.211231e-10
265 3.567793e-10
266 2.381952e-10
267 1.526085e-10
268 9.277638e-11
269 5.331708e-11
270 1.781245e-08
271 1.320065e-08
272 9.419671e-09
273 6.466210e-09
274 4.195140e-09
275 2.687902e-09
276 1.739764e-09
277 1.151118e-09
278 7.804785e-10
279 5.371090e-10
280 3.679342e-10
281 2.458818e-10
282 1.576888e-10
283 9.600436e-11
284 5.523389e-11
285 1.742610e-08
286 1.305956e-08
287 9.369132e-09
288 6.480182e-09
289 4.275350e-09
290 2.738057e-09
291 1.772036e-09
292 1.162859e-09
293 7.819696e-10
294 5.342516e-10
295 3.647878e-10
296 2.441718e-10
297 1.576146e-10
298 9.700950e-11
299 5.660546e-11
300 2.018546e-08
301 1.529215e-08
302 1.105265e-08
303 7.705704e-09
304 5.130462e-09
305 3.283692e-09
306 2.117019e-09
307 1.379122e-09
308 9.212715e-10
309 6.272821e-10
310 4.286473e-10
311 2.883766e-10
312 1.877444e-10
313 1.168062e-10
314 6.896077e-11
315 2.203480e-08
316 1.678808e-08
317 1.217839e-08
318 8.527631e-09
319 5.703180e-09
320 3.647128e-09
321 2.346942e-09
322 1.523461e-09
323 1.014617e-09
324 6.895263e-10
325 4.713941e-10
326 3.179791e-10
327 2.079207e-10
328 1.300580e-10
329 7.722365e-11
330 2.343688e-08
331 1.792146e-08
332 1.303214e-08
333 9.147307e-09
334 6.136894e-09
335 3.923172e-09
336 2.521557e-09
337 1.632795e-09
338 1.085259e-09
339 7.367570e-10
340 5.038011e-10
341 3.404255e-10
342 2.232215e-10
343 1.401066e-10
344 8.348878e-11
345 2.458337e-08
346 1.884497e-08
347 1.372589e-08
348 9.652961e-09
349 6.489324e-09
350 4.147192e-09
351 2.663372e-09
352 1.721905e-09
353 1.142776e-09
354 7.751786e-10
355 5.301334e-10
356 3.586606e-10
357 2.356501e-10
358 1.482706e-10
359 8.858048e-11
360 2.552368e-08
361 1.960540e-08
362 1.429824e-08
363 1.007117e-08
364 6.779743e-09
365 4.332280e-09
366 2.780009e-09
367 1.795080e-09
368 1.190124e-09
369 8.065878e-10
370 5.518070e-10
371 3.737140e-10
372 2.459106e-10
373 1.550084e-10
374 9.278178e-11
375 2.634456e-08
376 2.027186e-08
377 1.479984e-08
378 1.043626e-08
379 7.033940e-09
380 4.494949e-09
381 2.883166e-09
382 1.859494e-09
383 1.231539e-09
384 8.344344e-10
385 5.708934e-10
386 3.868801e-10
387 2.548813e-10
388 1.608993e-10
389 9.645449e-11
390 2.739023e-08
391 2.111551e-08
392 1.543520e-08
393 1.089718e-08
394 7.357053e-09
395 4.699520e-09
396 3.012973e-09
397 1.940875e-09
398 1.284072e-09
399 8.694161e-10
400 5.949177e-10
401 4.035288e-10
402 2.662464e-10
403 1.683641e-10
404 1.011006e-10
405 2.445605e-08
406 1.889804e-08
407 1.385160e-08
408 9.768750e-09
409 6.611235e-09
410 4.266793e-09
411 2.730035e-09
412 1.764059e-09
413 1.164415e-09
414 7.852726e-10
415 5.349425e-10
416 3.613975e-10
417 2.378247e-10
418 1.503187e-10
419 9.045026e-11
420 2.742554e-08
421 2.142379e-08
422 1.581812e-08
423 1.122313e-08
424 7.654762e-09
425 4.963926e-09
426 3.164424e-09
427 2.037611e-09
428 1.336699e-09
429 8.967162e-10
430 6.096998e-10
431 4.126453e-10
432 2.729610e-10
433 1.738647e-10
434 1.055917e-10
435 2.965545e-08
436 2.331813e-08
437 1.729217e-08
438 1.230990e-08
439 8.435726e-09
440 5.484566e-09
441 3.488287e-09
442 2.241887e-09
443 1.465239e-09
444 9.801680e-10
445 6.656643e-10
446 4.510557e-10
447 2.993087e-10
448 1.915160e-10
449 1.169331e-10
450 3.147116e-08
451 2.485595e-08
452 1.848794e-08
453 1.319345e-08
454 9.069521e-09
455 5.908495e-09
456 3.751776e-09
457 2.408290e-09
458 1.569914e-09
459 1.047926e-09
460 7.111380e-10
461 4.822434e-10
462 3.207004e-10
463 2.058496e-10
464 1.261443e-10
465 3.296952e-08
466 2.612368e-08
467 1.947388e-08
468 1.392249e-08
469 9.592821e-09
470 6.257104e-09
471 3.968514e-09
472 2.544801e-09
473 1.655883e-09
474 1.103578e-09
475 7.485407e-10
476 5.079698e-10
477 3.383450e-10
478 2.176686e-10
479 1.337384e-10
480 3.427655e-08
481 2.723608e-08
482 2.034253e-08
483 1.456195e-08
484 1.005299e-08
485 6.564617e-09
486 4.160762e-09
487 2.665188e-09
488 1.731600e-09
489 1.152866e-09
490 7.815464e-10
491 5.305744e-10
492 3.538455e-10
493 2.280537e-10
494 1.404120e-10
495 3.594557e-08
496 2.864220e-08
497 2.143787e-08
498 1.537072e-08
499 1.063347e-08
500 6.951755e-09
501 4.401308e-09
502 2.816939e-09
503 1.827355e-09
504 1.214814e-09
505 8.231481e-10
506 5.591051e-10
507 3.734262e-10
508 2.411626e-10
509 1.488351e-10
510 3.162341e-08
511 2.512847e-08
512 1.880265e-08
513 1.346426e-08
514 9.284336e-09
515 6.094413e-09
516 3.876479e-09
517 2.485880e-09
518 1.613911e-09
519 1.072835e-09
520 7.251850e-10
521 4.906531e-10
522 3.262725e-10
523 2.098936e-10
524 1.291846e-10
525 3.482524e-08
526 2.795881e-08
527 2.108927e-08
528 1.518235e-08
529 1.053480e-08
530 6.962850e-09
531 4.425406e-09
532 2.830712e-09
533 1.827076e-09
534 1.208082e-09
535 8.138250e-10
536 5.504600e-10
537 3.671221e-10
538 2.374997e-10
539 1.472728e-10
540 3.741644e-08
541 3.024504e-08
542 2.292917e-08
543 1.656516e-08
544 1.153975e-08
545 7.660824e-09
546 4.865193e-09
547 3.107611e-09
548 1.997926e-09
549 1.316712e-09
550 8.850254e-10
551 5.985728e-10
552 4.000040e-10
553 2.597275e-10
554 1.618335e-10
555 3.954858e-08
556 3.212969e-08
557 2.444839e-08
558 1.770733e-08
559 1.236971e-08
560 8.236361e-09
561 5.227733e-09
562 3.335390e-09
563 2.139049e-09
564 1.406277e-09
565 9.437854e-10
566 6.382657e-10
567 4.271374e-10
568 2.780655e-10
569 1.738458e-10
570 4.141756e-08
571 3.378072e-08
572 2.577904e-08
573 1.870677e-08
574 1.309744e-08
575 8.742049e-09
576 5.546987e-09
577 3.535211e-09
578 2.262655e-09
579 1.484844e-09
580 9.954046e-10
581 6.730904e-10
582 4.509237e-10
583 2.941431e-10
584 1.843768e-10
585 4.379629e-08
586 3.587501e-08
587 2.747243e-08
588 1.997760e-08
589 1.401893e-08
590 9.381708e-09
591 5.950551e-09
592 3.789029e-09
593 2.419489e-09
594 1.584325e-09
595 1.060675e-09
596 7.171320e-10
597 4.810211e-10
598 3.144862e-10
599 1.977025e-10
600 3.911968e-08
601 3.188510e-08
602 2.436330e-08
603 1.769881e-08
604 1.238182e-08
605 8.275857e-09
606 5.282003e-09
607 3.362328e-09
608 2.155719e-09
609 1.413184e-09
610 9.452706e-10
611 6.375091e-10
612 4.259930e-10
613 2.773298e-10
614 1.736632e-10
615 4.261579e-08
616 3.507917e-08
617 2.703176e-08
618 1.975047e-08
619 1.388733e-08
620 9.347669e-09
621 5.981449e-09
622 3.796636e-09
623 2.424417e-09
624 1.580714e-09
625 1.052519e-09
626 7.084769e-10
627 4.739666e-10
628 3.097834e-10
629 1.951689e-10
630 4.548494e-08
631 3.770368e-08
632 2.921851e-08
633 2.143210e-08
634 1.511995e-08
635 1.022346e-08
636 6.552345e-09
637 4.150373e-09
638 2.643754e-09
639 1.717450e-09
640 1.140165e-09
641 7.665547e-10
642 5.132490e-10
643 3.363629e-10
644 2.127807e-10
645 4.799785e-08
646 4.000399e-08
647 3.113805e-08
648 2.290574e-08
649 1.620288e-08
650 1.099362e-08
651 7.055581e-09
652 4.461498e-09
653 2.836273e-09
654 1.837860e-09
655 1.217175e-09
656 8.175742e-10
657 5.477541e-10
658 3.597111e-10
659 2.282518e-10
660 5.119639e-08
661 4.292483e-08
662 3.357106e-08
663 2.477208e-08
664 1.757351e-08
665 1.196825e-08
666 7.690928e-09
667 4.855623e-09
668 3.080500e-09
669 1.990125e-09
670 1.314654e-09
671 8.821042e-10
672 5.914009e-10
673 3.892440e-10
674 2.478207e-10
675 4.713880e-08
676 3.933960e-08
677 3.070211e-08
678 2.264445e-08
679 1.603491e-08
680 1.089615e-08
681 7.027554e-09
682 4.443733e-09
683 2.827860e-09
684 1.828310e-09
685 1.207783e-09
686 8.090852e-10
687 5.409773e-10
688 3.548854e-10
689 2.252042e-10
690 5.087374e-08
691 4.286294e-08
692 3.373884e-08
693 2.504137e-08
694 1.781441e-08
695 1.217860e-08
696 7.894626e-09
697 4.981113e-09
698 3.162875e-09
699 2.033662e-09
700 1.336537e-09
701 8.924237e-10
702 5.964699e-10
703 3.922218e-10
704 2.500671e-10
705 5.413750e-08
706 4.594375e-08
707 3.639455e-08
708 2.713376e-08
709 1.936735e-08
710 1.329822e-08
711 8.651016e-09
712 5.449922e-09
713 3.454772e-09
714 2.212516e-09
715 1.448829e-09
716 9.652092e-10
717 6.448990e-10
718 4.248183e-10
719 2.717763e-10
720 5.829119e-08
721 4.984441e-08
722 3.976318e-08
723 2.978829e-08
724 2.133687e-08
725 1.471811e-08
726 9.611095e-09
727 6.043499e-09
728 3.824894e-09
729 2.439455e-09
730 1.591122e-09
731 1.057338e-09
732 7.063206e-10
733 4.661567e-10
734 2.993039e-10
735 5.556275e-08
736 4.739756e-08
737 3.776279e-08
738 2.829969e-08
739 2.026777e-08
740 1.396251e-08
741 9.133499e-09
742 5.760616e-09
743 3.646954e-09
744 2.327338e-09
745 1.518049e-09
746 1.007695e-09
747 6.718694e-10
748 4.424562e-10
749 2.835007e-10
750 5.969635e-08
751 5.139810e-08
752 4.132040e-08
753 3.118196e-08
754 2.244002e-08
755 1.554298e-08
756 1.023214e-08
757 6.452926e-09
758 4.076226e-09
759 2.588187e-09
760 1.679004e-09
761 1.109830e-09
762 7.385864e-10
763 4.868601e-10
764 3.130358e-10
765 6.493512e-08
766 5.645352e-08
767 4.581577e-08
768 3.482477e-08
769 2.518385e-08
770 1.753869e-08
771 1.161975e-08
772 7.327380e-09
773 4.618918e-09
774 2.917426e-09
775 1.882363e-09
776 1.238797e-09
777 8.228658e-10
778 5.429708e-10
779 3.503690e-10
780 6.479730e-08
781 5.644887e-08
782 4.592565e-08
783 3.501390e-08
784 2.537730e-08
785 1.769473e-08
786 1.175655e-08
787 7.439283e-09
788 4.682965e-09
789 2.956985e-09
790 1.903797e-09
791 1.249566e-09
792 8.281440e-10
793 5.456505e-10
794 3.519309e-10
795 7.131787e-08
796 6.290593e-08
797 5.182474e-08
798 3.993427e-08
799 2.915987e-08
800 2.047000e-08
801 1.372444e-08
802 8.716613e-09
803 5.468666e-09
804 3.435287e-09
805 2.194793e-09
806 1.430010e-09
807 9.435241e-10
808 6.212332e-10
809 4.018664e-10
810 7.993925e-08
811 7.169016e-08
812 6.013541e-08
813 4.711889e-08
814 3.483454e-08
815 2.468443e-08
816 1.676279e-08
817 1.076628e-08
818 6.728267e-09
819 4.208513e-09
820 2.657392e-09
821 1.710208e-09
822 1.117503e-09
823 7.323967e-10
824 4.741773e-10
825 5.128666e-07
826 4.101425e-07
827 3.092866e-07
828 2.346946e-07
829 1.585465e-07
830 9.941987e-08
831 6.237966e-08
832 3.884207e-08
833 0.000000e+00
834 0.000000e+00
835 0.000000e+00
836 0.000000e+00
837 0.000000e+00
838 0.000000e+00
839 0.000000e+00
840 6.553216e-07
841 5.272211e-07
842 3.978637e-07
843 3.018478e-07
844 2.059599e-07
845 1.288690e-07
846 8.107236e-08
847 5.037443e-08
848 0.000000e+00
849 0.000000e+00
850 0.000000e+00
851 0.000000e+00
852 0.000000e+00
853 0.000000e+00
854 0.000000e+00
855 7.518871e-07
856 6.065742e-07
857 4.578951e-07
858 3.473452e-07
859 2.380927e-07
860 1.488247e-07
861 9.374126e-08
862 5.819057e-08
863 0.000000e+00
864 0.000000e+00
865 0.000000e+00
866 0.000000e+00
867 0.000000e+00
868 0.000000e+00
869 0.000000e+00
870 8.250292e-07
871 6.666578e-07
872 5.033487e-07
873 3.818192e-07
874 2.624353e-07
875 1.639421e-07
876 1.033393e-07
877 6.411083e-08
878 0.000000e+00
879 0.000000e+00
880 0.000000e+00
881 0.000000e+00
882 0.000000e+00
883 0.000000e+00
884 0.000000e+00
885 8.843789e-07
886 7.154372e-07
887 5.402509e-07
888 4.097926e-07
889 2.821917e-07
890 1.762114e-07
891 1.111279e-07
892 6.891572e-08
893 0.000000e+00
894 0.000000e+00
895 0.000000e+00
896 0.000000e+00
897 0.000000e+00
898 0.000000e+00
899 0.000000e+00
900 9.333089e-07
901 7.556403e-07
902 5.706633e-07
903 4.328493e-07
904 2.984731e-07
905 1.863234e-07
906 1.175476e-07
907 7.287623e-08
908 0.000000e+00
909 0.000000e+00
910 0.000000e+00
911 0.000000e+00
912 0.000000e+00
913 0.000000e+00
914 0.000000e+00
915 9.762241e-07
916 7.909075e-07
917 5.973432e-07
918 4.530762e-07
919 3.127558e-07
920 1.951935e-07
921 1.231789e-07
922 7.635020e-08
923 0.000000e+00
924 0.000000e+00
925 0.000000e+00
926 0.000000e+00
927 0.000000e+00
928 0.000000e+00
929 0.000000e+00
930 1.030559e-06
931 8.355802e-07
932 6.311463e-07
933 4.787035e-07
934 3.308530e-07
935 2.064317e-07
936 1.303135e-07
937 8.075195e-08
938 0.000000e+00
939 0.000000e+00
940 0.000000e+00
941 0.000000e+00
942 0.000000e+00
943 0.000000e+00
944 0.000000e+00
945 2.379357e-07
946 2.234817e-07
947 1.830338e-07
948 1.367233e-07
949 1.048649e-07
950 7.394564e-08
951 4.523427e-08
952 2.796823e-08
953 1.712151e-08
954 0.000000e+00
955 0.000000e+00
956 0.000000e+00
957 0.000000e+00
958 0.000000e+00
959 0.000000e+00
960 3.436387e-07
961 3.242073e-07
962 2.668536e-07
963 1.996459e-07
964 1.528170e-07
965 1.086968e-07
966 6.625231e-08
967 4.118100e-08
968 2.516347e-08
969 0.000000e+00
970 0.000000e+00
971 0.000000e+00
972 0.000000e+00
973 0.000000e+00
974 0.000000e+00
975 4.234051e-07
976 4.002067e-07
977 3.300812e-07
978 2.471042e-07
979 1.889876e-07
980 1.349012e-07
981 8.210031e-08
982 5.114128e-08
983 3.122657e-08
984 0.000000e+00
985 0.000000e+00
986 0.000000e+00
987 0.000000e+00
988 0.000000e+00
989 0.000000e+00
990 4.881634e-07
991 4.619068e-07
992 3.814117e-07
993 2.856326e-07
994 2.183523e-07
995 1.561754e-07
996 9.496645e-08
997 5.922758e-08
998 3.614890e-08
999 0.000000e+00
1000 0.000000e+00
1001 0.000000e+00
1002 0.000000e+00
1003 0.000000e+00
1004 0.000000e+00
1005 5.415143e-07
1006 5.127368e-07
1007 4.237000e-07
1008 3.173741e-07
1009 2.425443e-07
1010 1.737019e-07
1011 1.055661e-07
1012 6.588941e-08
1013 4.020416e-08
1014 0.000000e+00
1015 0.000000e+00
1016 0.000000e+00
1017 0.000000e+00
1018 0.000000e+00
1019 0.000000e+00
1020 5.883291e-07
1021 5.573393e-07
1022 4.608071e-07
1023 3.452265e-07
1024 2.637722e-07
1025 1.890829e-07
1026 1.148671e-07
1027 7.173496e-08
1028 4.376252e-08
1029 0.000000e+00
1030 0.000000e+00
1031 0.000000e+00
1032 0.000000e+00
1033 0.000000e+00
1034 0.000000e+00
1035 6.476454e-07
1036 6.138506e-07
1037 5.078221e-07
1038 3.805157e-07
1039 2.906681e-07
1040 2.085686e-07
1041 1.266516e-07
1042 7.914140e-08
1043 4.827103e-08
1044 0.000000e+00
1045 0.000000e+00
1046 0.000000e+00
1047 0.000000e+00
1048 0.000000e+00
1049 0.000000e+00
1050 1.272416e-07
1051 1.299145e-07
1052 1.177081e-07
1053 9.283868e-08
1054 6.892633e-08
1055 5.350006e-08
1056 3.460370e-08
1057 2.209903e-08
1058 1.306354e-08
1059 7.880602e-09
1060 0.000000e+00
1061 0.000000e+00
1062 0.000000e+00
1063 0.000000e+00
1064 0.000000e+00
1065 2.055933e-07
1066 2.105981e-07
1067 1.916999e-07
1068 1.518529e-07
1069 1.127370e-07
1070 8.742501e-08
1071 5.717496e-08
1072 3.625294e-08
1073 2.146270e-08
1074 1.295481e-08
1075 0.000000e+00
1076 0.000000e+00
1077 0.000000e+00
1078 0.000000e+00
1079 0.000000e+00
1080 2.684726e-07
1081 2.753284e-07
1082 2.510345e-07
1083 1.991549e-07
1084 1.478509e-07
1085 1.146192e-07
1086 7.524015e-08
1087 4.759555e-08
1088 2.819099e-08
1089 1.701978e-08
1090 0.000000e+00
1091 0.000000e+00
1092 0.000000e+00
1093 0.000000e+00
1094 0.000000e+00
1095 3.202805e-07
1096 3.286520e-07
1097 2.999120e-07
1098 2.381281e-07
1099 1.767765e-07
1100 1.370258e-07
1101 9.012927e-08
1102 5.693980e-08
1103 3.373460e-08
1104 2.036901e-08
1105 0.000000e+00
1106 0.000000e+00
1107 0.000000e+00
1108 0.000000e+00
1109 0.000000e+00
1110 3.657319e-07
1111 3.754392e-07
1112 3.427989e-07
1113 2.723097e-07
1114 2.021568e-07
1115 1.566807e-07
1116 1.031916e-07
1117 6.513847e-08
1118 3.859803e-08
1119 2.330731e-08
1120 0.000000e+00
1121 0.000000e+00
1122 0.000000e+00
1123 0.000000e+00
1124 0.000000e+00
1125 4.233149e-07
1126 4.347279e-07
1127 3.971159e-07
1128 3.156348e-07
1129 2.343187e-07
1130 1.815989e-07
1131 1.197440e-07
1132 7.553050e-08
1133 4.476095e-08
1134 2.703070e-08
1135 0.000000e+00
1136 0.000000e+00
1137 0.000000e+00
1138 0.000000e+00
1139 0.000000e+00
1140 1.367687e-07
1141 1.468809e-07
1142 1.430695e-07
1143 1.216805e-07
1144 9.181210e-08
1145 6.934908e-08
1146 5.216351e-08
1147 3.065251e-08
1148 1.951755e-08
1149 1.157928e-08
1150 6.852694e-09
1151 0.000000e+00
1152 0.000000e+00
1153 0.000000e+00
1154 0.000000e+00
1155 1.857566e-07
1156 1.996558e-07
1157 1.947117e-07
1158 1.658584e-07
1159 1.252413e-07
1160 9.454148e-08
1161 7.122948e-08
1162 4.187682e-08
1163 2.671235e-08
1164 1.583656e-08
1165 9.360366e-09
1166 0.000000e+00
1167 0.000000e+00
1168 0.000000e+00
1169 0.000000e+00
1170 2.287346e-07
1171 2.459633e-07
1172 2.400200e-07
1173 2.046086e-07
1174 1.545699e-07
1175 1.166388e-07
1176 8.795688e-08
1177 5.172212e-08
1178 3.302489e-08
1179 1.957182e-08
1180 1.155994e-08
1181 0.000000e+00
1182 0.000000e+00
1183 0.000000e+00
1184 0.000000e+00
1185 2.831972e-07
1186 3.046288e-07
1187 2.974319e-07
1188 2.537083e-07
1189 1.917257e-07
1190 1.446379e-07
1191 1.091491e-07
1192 6.419976e-08
1193 4.102404e-08
1194 2.430508e-08
1195 1.434769e-08
1196 0.000000e+00
1197 0.000000e+00
1198 0.000000e+00
1199 0.000000e+00
1200 9.740466e-08
1201 1.080105e-07
1202 1.102425e-07
1203 9.967105e-08
1204 7.833274e-08
1205 5.810423e-08
1206 4.522289e-08
1207 2.879783e-08
1208 1.847414e-08
1209 1.069756e-08
1210 6.274763e-09
1211 0.000000e+00
1212 0.000000e+00
1213 0.000000e+00
1214 0.000000e+00
1215 1.375256e-07
1216 1.525950e-07
1217 1.558916e-07
1218 1.411277e-07
1219 1.110387e-07
1220 8.235452e-08
1221 6.409008e-08
1222 4.093984e-08
1223 2.621479e-08
1224 1.517770e-08
1225 8.908629e-09
1226 0.000000e+00
1227 0.000000e+00
1228 0.000000e+00
1229 0.000000e+00
1230 1.883705e-07
1231 2.090987e-07
1232 2.137455e-07
1233 1.936626e-07
1234 1.524868e-07
1235 1.130869e-07
1236 8.800042e-08
1237 5.632394e-08
1238 3.602444e-08
1239 2.085517e-08
1240 1.224630e-08
1241 0.000000e+00
1242 0.000000e+00
1243 0.000000e+00
1244 0.000000e+00
1245 7.513704e-08
1246 8.531045e-08
1247 9.007823e-08
1248 8.547788e-08
1249 7.042245e-08
1250 5.243183e-08
1251 4.020579e-08
1252 2.875885e-08
1253 1.703632e-08
1254 1.018802e-08
1255 5.994312e-09
1256 0.000000e+00
1257 0.000000e+00
1258 0.000000e+00
1259 0.000000e+00
1260 1.222483e-07
1261 1.388810e-07
1262 1.467636e-07
1263 1.394376e-07
1264 1.150330e-07
1265 8.568025e-08
1266 6.566049e-08
1267 4.709181e-08
1268 2.784840e-08
1269 1.669126e-08
1270 9.814620e-09
1271 0.000000e+00
1272 0.000000e+00
1273 0.000000e+00
1274 0.000000e+00
1275 7.541049e-08
1276 8.722217e-08
1277 9.452320e-08
1278 9.317799e-08
1279 8.032329e-08
1280 6.096084e-08
1281 4.579636e-08
1282 3.502882e-08
1283 2.040648e-08
1284 1.312721e-08
1285 7.586741e-09
1286 4.262597e-09
1287 0.000000e+00
1288 0.000000e+00
1289 0.000000e+00
1290 4.053071e-08
1291 4.757743e-08
1292 5.261922e-08
1293 5.343773e-08
1294 4.792569e-08
1295 3.737584e-08
1296 2.774535e-08
1297 2.163780e-08
1298 1.340393e-08
1299 8.679921e-09
1300 4.941531e-09
1301 2.786093e-09
1302 0.000000e+00
1303 0.000000e+00
1304 0.000000e+00
1305 3.940726e-05
1306 3.178910e-05
1307 2.392982e-05
1308 1.821561e-05
1309 1.249805e-05
1310 7.789318e-06
1311 4.899609e-06
1312 3.042996e-06
1313 0.000000e+00
1314 0.000000e+00
1315 0.000000e+00
1316 0.000000e+00
1317 0.000000e+00
1318 0.000000e+00
1319 0.000000e+00
1320 2.252405e-05
1321 2.138430e-05
1322 1.769677e-05
1323 1.323653e-05
1324 1.011594e-05
1325 7.291508e-06
1326 4.397135e-06
1327 2.741859e-06
1328 1.676027e-06
1329 0.000000e+00
1330 0.000000e+00
1331 0.000000e+00
1332 0.000000e+00
1333 0.000000e+00
1334 0.000000e+00
1335 1.469518e-05
1336 1.510955e-05
1337 1.382108e-05
1338 1.098660e-05
1339 8.147737e-06
1340 6.324355e-06
1341 4.172306e-06
1342 2.636771e-06
1343 1.556375e-06
1344 9.416286e-07
1345 0.000000e+00
1346 0.000000e+00
1347 0.000000e+00
1348 0.000000e+00
1349 0.000000e+00
1350 1.001333e-05
1351 1.078095e-05
1352 1.053913e-05
1353 8.999620e-06
1354 6.799904e-06
1355 5.126260e-06
1356 3.881250e-06
1357 2.272636e-06
1358 1.457281e-06
1359 8.630854e-07
1360 5.085219e-07
1361 0.000000e+00
1362 0.000000e+00
1363 0.000000e+00
1364 0.000000e+00
1365 7.094624e-06
1366 7.881482e-06
1367 8.065388e-06
1368 7.317312e-06
1369 5.765401e-06
1370 4.273175e-06
1371 3.328093e-06
1372 2.133146e-06
1373 1.365761e-06
1374 7.893081e-07
1375 4.640538e-07
1376 0.000000e+00
1377 0.000000e+00
1378 0.000000e+00
1379 0.000000e+00
1380 5.189019e-06
1381 5.899306e-06
1382 6.240426e-06
1383 5.937205e-06
1384 4.904205e-06
1385 3.652820e-06
1386 2.797875e-06
1387 2.013575e-06
1388 1.186846e-06
1389 7.118100e-07
1390 4.184160e-07
1391 0.000000e+00
1392 0.000000e+00
1393 0.000000e+00
1394 0.000000e+00
1395 3.886078e-06
1396 4.497963e-06
1397 4.879297e-06
1398 4.816698e-06
1399 4.159090e-06
1400 3.158688e-06
1401 2.371083e-06
1402 1.817772e-06
1403 1.058269e-06
1404 6.830383e-07
1405 3.946036e-07
1406 2.210523e-07
1407 0.000000e+00
1408 0.000000e+00
1409 0.000000e+00
1410 2.701158e-06
1411 3.173534e-06
1412 3.513961e-06
1413 3.574708e-06
1414 3.213234e-06
1415 2.510016e-06
1416 1.862199e-06
1417 1.453171e-06
1418 9.040196e-07
1419 5.850219e-07
1420 3.326888e-07
1421 1.878941e-07
1422 0.000000e+00
1423 0.000000e+00
1424 0.000000e+00
1425 1.550983e-06
1426 1.849279e-06
1427 2.088860e-06
1428 2.187015e-06
1429 2.047981e-06
1430 1.661975e-06
1431 1.232617e-06
1432 9.526733e-07
1433 6.578831e-07
1434 3.968146e-07
1435 2.282260e-07
1436 1.316335e-07
1437 0.000000e+00
1438 0.000000e+00
1439 0.000000e+00
1440 6.870425e-07
1441 8.306828e-07
1442 9.558902e-07
1443 1.027453e-06
1444 9.998555e-07
1445 8.476079e-07
1446 6.375297e-07
1447 4.826258e-07
1448 3.621934e-07
1449 2.083441e-07
1450 1.294027e-07
1451 7.361300e-08
1452 4.047760e-08
1453 0.000000e+00
1454 0.000000e+00
