0 2.994055e-09
1 2.048033e-09
2 1.350312e-09
3 8.764777e-10
4 5.745486e-10
5 3.822775e-10
6 2.582642e-10
7 1.749360e-10
8 1.167313e-10
9 7.529398e-11
10 4.627105e-11
11 2.686752e-11
12 1.472784e-11
13 7.676383e-12
14 3.857214e-12
15 4.888671e-09
16 3.415863e-09
17 2.292521e-09
18 1.485330e-09
19 9.631342e-10
20 6.321255e-10
21 4.228729e-10
22 2.862264e-10
23 1.930896e-10
24 1.272905e-10
25 8.055609e-11
26 4.830629e-11
27 2.733704e-11
28 1.462178e-11
29 7.466944e-12
30 5.460326e-09
31 3.831727e-09
32 2.583182e-09
33 1.674489e-09
34 1.082956e-09
35 7.089928e-10
36 4.730292e-10
37 3.199961e-10
38 2.162405e-10
39 1.431541e-10
40 9.107682e-11
41 5.499219e-11
42 3.132128e-11
43 1.684033e-11
44 8.628723e-12
45 5.780780e-09
46 4.063838e-09
47 2.745747e-09
48 1.780159e-09
49 1.149854e-09
50 7.519121e-10
51 5.010655e-10
52 3.388216e-10
53 2.291789e-10
54 1.519572e-10
55 9.695521e-11
56 5.871664e-11
57 3.354224e-11
58 1.808141e-11
59 9.278105e-12
60 5.995264e-09
61 4.220848e-09
62 2.855560e-09
63 1.851592e-09
64 1.195193e-09
65 7.809340e-10
66 5.200764e-10
67 3.516007e-10
68 2.379141e-10
69 1.579587e-10
70 1.009307e-10
71 6.123169e-11
72 3.504158e-11
73 1.891359e-11
74 9.716382e-12
75 6.159097e-09
76 4.340056e-09
77 2.938902e-09
78 1.905535e-09
79 1.229385e-09
80 8.029695e-10
81 5.343804e-10
82 3.612097e-10
83 2.445238e-10
84 1.624683e-10
85 1.039478e-10
86 6.314854e-11
87 3.617840e-11
88 1.954907e-11
89 1.005150e-11
90 6.292995e-09
91 4.436558e-09
92 3.006246e-09
93 1.949474e-09
94 1.257195e-09
95 8.207324e-10
96 5.460422e-10
97 3.690466e-10
98 2.499312e-10
99 1.661412e-10
100 1.063914e-10
101 6.470589e-11
102 3.710469e-11
103 2.006909e-11
104 1.031866e-11
105 6.402388e-09
106 4.516116e-09
107 3.061971e-09
108 1.985660e-09
109 1.280165e-09
110 8.354136e-10
111 5.556879e-10
112 3.755823e-10
113 2.543803e-10
114 1.692018e-10
115 1.084196e-10
116 6.597555e-11
117 3.787013e-11
118 2.049292e-11
119 1.054109e-11
120 6.497450e-09
121 4.585708e-09
122 3.110554e-09
123 2.017633e-09
124 1.300366e-09
125 8.483586e-10
126 5.641144e-10
127 3.811866e-10
128 2.582094e-10
129 1.718235e-10
130 1.101783e-10
131 6.710037e-11
132 3.854067e-11
133 2.086720e-11
134 1.073765e-11
135 6.619317e-09
136 4.674425e-09
137 3.172824e-09
138 2.057927e-09
139 1.325930e-09
140 8.648315e-10
141 5.748990e-10
142 3.884133e-10
143 2.631831e-10
144 1.752320e-10
145 1.124384e-10
146 6.852499e-11
147 3.938851e-11
148 2.134002e-11
149 1.098418e-11
150 1.041234e-08
151 7.536061e-09
152 5.259622e-09
153 3.509108e-09
154 2.254393e-09
155 1.454725e-09
156 9.480553e-10
157 6.304917e-10
158 4.250124e-10
159 2.856002e-10
160 1.876695e-10
161 1.184034e-10
162 7.090327e-11
163 4.008513e-11
164 2.140180e-11
165 1.286728e-08
166 9.414338e-09
167 6.637037e-09
168 4.487036e-09
169 2.893448e-09
170 1.857377e-09
171 1.202604e-09
172 7.937228e-10
173 5.328293e-10
174 3.587351e-10
175 2.373987e-10
176 1.516158e-10
177 9.220307e-11
178 5.298514e-11
179 2.872179e-11
180 1.422725e-08
181 1.045357e-08
182 7.399252e-09
183 5.027241e-09
184 3.246414e-09
185 2.079679e-09
186 1.342786e-09
187 8.839251e-10
188 5.923020e-10
189 3.990446e-10
190 2.649090e-10
191 1.699966e-10
192 1.039676e-10
193 6.010578e-11
194 3.275626e-11
195 1.514849e-08
196 1.115825e-08
197 7.915988e-09
198 5.394586e-09
199 3.485761e-09
200 2.229579e-09
201 1.437930e-09
202 9.450929e-10
203 6.326515e-10
204 4.263172e-10
205 2.835386e-10
206 1.824501e-10
207 1.119228e-10
208 6.493298e-11
209 3.549259e-11
210 1.584395e-08
211 1.169124e-08
212 8.306387e-09
213 5.670326e-09
214 3.666094e-09
215 2.343906e-09
216 1.510078e-09
217 9.913552e-10
218 6.631204e-10
219 4.470034e-10
220 2.976206e-10
221 1.918571e-10
222 1.179659e-10
223 6.859618e-11
224 3.756358e-11
225 1.641195e-08
226 1.212486e-08
227 8.624130e-09
228 5.895267e-09
229 3.812934e-09
230 2.436293e-09
231 1.568372e-09
232 1.028864e-09
233 6.879698e-10
234 4.638609e-10
235 3.090899e-10
236 1.995135e-10
237 1.228710e-10
238 7.156543e-11
239 3.924780e-11
240 1.688088e-08
241 1.248298e-08
242 8.886693e-09
243 6.081909e-09
244 3.934732e-09
245 2.512787e-09
246 1.616932e-09
247 1.059843e-09
248 7.085017e-10
249 4.776719e-10
250 3.185483e-10
251 2.058213e-10
252 1.269127e-10
253 7.400453e-11
254 4.063215e-11
255 1.729051e-08
256 1.279545e-08
257 9.115452e-09
258 6.245166e-09
259 4.040856e-09
260 2.579454e-09
261 1.659130e-09
262 1.086981e-09
263 7.263766e-10
264 4.898121e-10
265 3.267869e-10
266 2.113411e-10
267 1.304406e-10
268 7.614648e-11
269 4.184421e-11
270 1.780939e-08
271 1.319206e-08
272 9.407865e-09
273 6.449993e-09
274 4.175607e-09
275 2.664492e-09
276 1.712816e-09
277 1.121363e-09
278 7.491472e-10
279 5.051144e-10
280 3.372379e-10
281 2.183893e-10
282 1.349363e-10
283 7.886737e-11
284 4.339603e-11
285 1.742085e-08
286 1.305133e-08
287 9.357479e-09
288 6.464795e-09
289 4.256176e-09
290 2.715505e-09
291 1.746383e-09
292 1.134708e-09
293 7.521951e-10
294 5.041563e-10
295 3.358082e-10
296 2.180413e-10
297 1.357708e-10
298 8.030778e-11
299 4.486467e-11
300 2.018007e-08
301 1.528372e-08
302 1.104063e-08
303 7.688972e-09
304 5.110541e-09
305 3.260195e-09
306 2.089768e-09
307 1.349114e-09
308 8.893197e-10
309 5.945977e-10
310 3.966711e-10
311 2.590571e-10
312 1.628310e-10
313 9.738917e-11
314 5.505417e-11
315 2.202956e-08
316 1.678245e-08
317 1.216635e-08
318 8.511236e-09
319 5.682958e-09
320 3.622649e-09
321 2.318787e-09
322 1.492157e-09
323 9.810010e-10
324 6.549100e-10
325 4.373945e-10
326 2.865295e-10
327 1.809366e-10
328 1.088094e-10
329 6.187345e-11
330 2.343175e-08
331 1.791635e-08
332 1.302006e-08
333 9.132227e-09
334 6.115904e-09
335 3.898020e-09
336 2.492734e-09
337 1.600764e-09
338 1.050608e-09
339 7.006547e-10
340 4.682920e-10
341 3.073670e-10
342 1.946597e-10
343 1.174932e-10
344 6.702724e-11
345 2.457804e-08
346 1.883654e-08
347 1.371363e-08
348 9.636787e-09
349 6.467456e-09
350 4.121905e-09
351 2.633699e-09
352 1.688933e-09
353 1.107013e-09
354 7.380777e-10
355 4.933205e-10
356 3.242915e-10
357 2.058457e-10
358 1.245083e-10
359 7.123473e-11
360 2.551839e-08
361 1.959687e-08
362 1.428583e-08
363 1.005337e-08
364 6.758395e-09
365 4.306263e-09
366 2.749893e-09
367 1.761550e-09
368 1.153491e-09
369 7.686317e-10
370 5.141020e-10
371 3.382972e-10
372 2.150279e-10
373 1.303197e-10
374 7.467976e-11
375 2.633931e-08
376 2.026331e-08
377 1.478740e-08
378 1.041928e-08
379 7.013233e-09
380 4.468532e-09
381 2.852599e-09
382 1.825360e-09
383 1.194341e-09
384 7.956629e-10
385 5.321479e-10
386 3.504692e-10
387 2.230963e-10
388 1.354264e-10
389 7.771937e-11
390 2.738486e-08
391 2.110692e-08
392 1.542295e-08
393 1.088022e-08
394 7.334529e-09
395 4.672874e-09
396 2.981759e-09
397 1.905937e-09
398 1.246069e-09
399 8.297568e-10
400 5.551710e-10
401 3.659884e-10
402 2.332647e-10
403 1.418494e-10
404 8.156403e-11
405 2.445073e-08
406 1.888979e-08
407 1.383939e-08
408 9.752451e-09
409 6.590429e-09
410 4.241576e-09
411 2.700924e-09
412 1.731666e-09
413 1.129500e-09
414 7.490387e-10
415 4.990024e-10
416 3.277503e-10
417 2.085256e-10
418 1.268159e-10
419 7.311891e-11
420 2.742015e-08
421 2.141520e-08
422 1.580573e-08
423 1.120631e-08
424 7.633274e-09
425 4.937844e-09
426 3.133880e-09
427 2.003567e-09
428 1.299804e-09
429 8.581506e-10
430 5.710464e-10
431 3.760478e-10
432 2.406720e-10
433 1.475436e-10
434 8.588693e-11
435 2.965509e-08
436 2.330723e-08
437 1.727976e-08
438 1.229327e-08
439 8.413817e-09
440 5.457503e-09
441 3.457412e-09
442 2.206902e-09
443 1.426897e-09
444 9.395727e-10
445 6.249233e-10
446 4.122165e-10
447 2.646881e-10
448 1.630657e-10
449 9.544648e-11
450 3.146894e-08
451 2.484755e-08
452 1.847555e-08
453 1.317639e-08
454 9.047786e-09
455 5.881048e-09
456 3.719873e-09
457 2.371821e-09
458 1.530138e-09
459 1.006071e-09
460 6.687692e-10
461 4.416160e-10
462 2.842868e-10
463 1.756541e-10
464 1.031936e-10
465 3.296438e-08
466 2.611526e-08
467 1.946123e-08
468 1.390639e-08
469 9.570245e-09
470 6.229063e-09
471 3.935812e-09
472 2.507864e-09
473 1.615227e-09
474 1.060639e-09
475 7.048937e-10
476 4.658533e-10
477 3.003354e-10
478 1.860394e-10
479 1.095648e-10
480 3.427164e-08
481 2.722782e-08
482 2.032994e-08
483 1.454600e-08
484 1.003003e-08
485 6.536209e-09
486 4.126594e-09
487 2.627246e-09
488 1.690134e-09
489 1.108724e-09
490 7.366653e-10
491 4.871345e-10
492 3.146023e-10
493 1.952072e-10
494 1.151944e-10
495 3.593991e-08
496 2.863518e-08
497 2.142818e-08
498 1.535378e-08
499 1.060987e-08
500 6.922835e-09
501 4.367318e-09
502 2.778243e-09
503 1.784704e-09
504 1.169252e-09
505 7.766903e-10
506 5.140324e-10
507 3.323752e-10
508 2.067430e-10
509 1.222701e-10
510 3.161848e-08
511 2.511995e-08
512 1.879023e-08
513 1.344650e-08
514 9.262409e-09
515 6.067186e-09
516 3.844559e-09
517 2.449897e-09
518 1.574676e-09
519 1.031274e-09
520 6.831782e-10
521 4.502688e-10
522 2.900061e-10
523 1.797392e-10
524 1.060951e-10
525 3.482033e-08
526 2.795067e-08
527 2.107690e-08
528 1.516489e-08
529 1.051234e-08
530 6.934952e-09
531 4.392329e-09
532 2.793172e-09
533 1.785899e-09
534 1.164411e-09
535 7.693159e-10
536 5.072559e-10
537 3.278569e-10
538 2.044230e-10
539 1.216098e-10
540 3.741007e-08
541 3.023443e-08
542 2.291687e-08
543 1.654796e-08
544 1.151698e-08
545 7.632328e-09
546 4.831481e-09
547 3.068772e-09
548 1.955359e-09
549 1.271218e-09
550 8.383761e-10
551 5.529869e-10
552 3.583748e-10
553 2.242665e-10
554 1.340859e-10
555 3.954377e-08
556 3.212149e-08
557 2.443596e-08
558 1.769028e-08
559 1.234631e-08
560 8.207335e-09
561 5.193020e-09
562 3.295747e-09
563 2.095075e-09
564 1.359271e-09
565 8.955420e-10
566 5.908216e-10
567 3.834333e-10
568 2.406589e-10
569 1.443408e-10
570 4.141278e-08
571 3.377272e-08
572 2.576688e-08
573 1.868975e-08
574 1.307397e-08
575 8.712616e-09
576 5.511679e-09
577 3.494793e-09
578 2.217700e-09
579 1.436604e-09
580 9.455216e-10
581 6.240475e-10
582 4.054941e-10
583 2.550163e-10
584 1.533654e-10
585 4.379091e-08
586 3.587215e-08
587 2.745960e-08
588 1.995958e-08
589 1.399515e-08
590 9.351520e-09
591 5.914442e-09
592 3.747446e-09
593 2.373231e-09
594 1.534351e-09
595 1.008945e-09
596 6.659674e-10
597 4.333931e-10
598 2.732432e-10
599 1.648205e-10
600 3.911729e-08
601 3.187705e-08
602 2.435225e-08
603 1.768126e-08
604 1.235899e-08
605 8.247197e-09
606 5.247661e-09
607 3.323097e-09
608 2.112411e-09
609 1.366932e-09
610 8.976445e-10
611 5.908634e-10
612 3.830639e-10
613 2.405237e-10
614 1.445899e-10
615 4.260625e-08
616 3.507326e-08
617 2.701960e-08
618 1.973222e-08
619 1.386393e-08
620 9.318218e-09
621 5.946365e-09
622 3.755925e-09
623 2.379471e-09
624 1.532416e-09
625 1.002378e-09
626 6.589589e-10
627 4.280455e-10
628 2.699552e-10
629 1.633239e-10
630 4.548036e-08
631 3.769574e-08
632 2.920836e-08
633 2.141478e-08
634 1.509665e-08
635 1.019365e-08
636 6.516203e-09
637 4.108659e-09
638 2.597325e-09
639 1.667360e-09
640 1.088046e-09
641 7.147877e-10
642 4.647912e-10
643 2.940323e-10
644 1.785835e-10
645 4.799345e-08
646 3.999958e-08
647 3.112607e-08
648 2.288900e-08
649 1.617916e-08
650 1.096325e-08
651 7.017835e-09
652 4.418780e-09
653 2.788670e-09
654 1.786209e-09
655 1.163332e-09
656 7.638426e-10
657 4.971278e-10
658 3.152039e-10
659 1.920821e-10
660 5.119132e-08
661 4.291646e-08
662 3.355913e-08
663 2.475473e-08
664 1.754954e-08
665 1.193727e-08
666 7.653197e-09
667 4.811740e-09
668 3.031134e-09
669 1.936461e-09
670 1.258492e-09
671 8.258200e-10
672 5.380934e-10
673 3.420381e-10
674 2.091205e-10
675 4.712943e-08
676 3.933389e-08
677 3.069027e-08
678 2.262739e-08
679 1.601108e-08
680 1.086629e-08
681 6.991169e-09
682 4.401850e-09
683 2.781008e-09
684 1.777472e-09
685 1.154769e-09
686 7.562860e-10
687 4.914317e-10
688 3.113643e-10
689 1.898263e-10
690 5.086939e-08
691 4.285527e-08
692 3.372700e-08
693 2.502361e-08
694 1.779106e-08
695 1.214806e-08
696 7.857819e-09
697 4.937832e-09
698 3.114253e-09
699 1.980892e-09
700 1.281199e-09
701 8.370804e-10
702 5.438840e-10
703 3.457036e-10
704 2.117588e-10
705 5.413785e-08
706 4.593617e-08
707 3.638367e-08
708 2.711642e-08
709 1.934357e-08
710 1.326732e-08
711 8.613159e-09
712 5.405443e-09
713 3.404762e-09
714 2.157970e-09
715 1.391522e-09
716 9.073199e-10
717 5.897161e-10
718 3.755596e-10
719 2.309354e-10
720 5.828644e-08
721 4.983707e-08
722 3.975113e-08
723 2.977075e-08
724 2.131292e-08
725 1.468666e-08
726 9.572155e-09
727 5.997717e-09
728 3.772977e-09
729 2.382607e-09
730 1.531065e-09
731 9.966140e-10
732 6.478666e-10
733 4.135393e-10
734 2.552574e-10
735 5.556268e-08
736 4.738921e-08
737 3.775687e-08
738 2.828134e-08
739 2.024390e-08
740 1.393178e-08
741 9.095690e-09
742 5.716143e-09
743 3.596621e-09
744 2.272343e-09
745 1.460030e-09
746 9.491637e-10
747 6.159433e-10
748 3.923351e-10
749 2.417115e-10
750 5.969235e-08
751 5.139101e-08
752 4.130876e-08
753 3.116491e-08
754 2.241630e-08
755 1.551176e-08
756 1.019342e-08
757 6.407214e-09
758 4.024376e-09
759 2.531202e-09
760 1.618636e-09
761 1.048538e-09
762 6.797146e-10
763 4.334724e-10
764 2.681456e-10
765 6.493070e-08
766 5.645228e-08
767 4.580421e-08
768 3.480406e-08
769 2.516011e-08
770 1.750702e-08
771 1.157996e-08
772 7.280073e-09
773 4.564996e-09
774 2.857866e-09
775 1.819043e-09
776 1.174164e-09
777 7.600545e-10
778 4.856499e-10
779 3.015937e-10
780 6.479355e-08
781 5.644189e-08
782 4.591437e-08
783 3.499717e-08
784 2.535364e-08
785 1.766348e-08
786 1.171720e-08
787 7.392350e-09
788 4.629427e-09
789 2.897872e-09
790 1.840924e-09
791 1.185233e-09
792 7.658575e-10
793 4.886212e-10
794 3.034153e-10
795 7.131378e-08
796 6.289887e-08
797 5.181429e-08
798 3.991821e-08
799 2.913647e-08
800 2.043827e-08
801 1.368405e-08
802 8.668056e-09
803 5.412784e-09
804 3.373322e-09
805 2.128513e-09
806 1.361892e-09
807 8.767964e-10
808 5.596768e-10
809 3.488054e-10
810 7.993567e-08
811 7.168447e-08
812 6.012579e-08
813 4.710343e-08
814 3.481173e-08
815 2.465285e-08
816 1.672173e-08
817 1.071626e-08
818 6.670116e-09
819 4.143521e-09
820 2.587345e-09
821 1.637485e-09
822 1.045762e-09
823 6.652247e-10
824 4.155252e-10
825 5.128830e-07
826 4.101591e-07
827 3.093013e-07
828 2.346671e-07
829 1.584572e-07
830 9.928067e-08
831 6.219192e-08
832 3.861007e-08
833 0.000000e+00
834 0.000000e+00
835 0.000000e+00
836 0.000000e+00
837 0.000000e+00
838 0.000000e+00
839 0.000000e+00
840 6.553428e-07
841 5.272427e-07
842 3.978830e-07
843 3.018175e-07
844 2.058502e-07
845 1.286965e-07
846 8.083740e-08
847 5.008316e-08
848 0.000000e+00
849 0.000000e+00
850 0.000000e+00
851 0.000000e+00
852 0.000000e+00
853 0.000000e+00
854 0.000000e+00
855 7.519115e-07
856 6.065991e-07
857 4.579175e-07
858 3.473129e-07
859 2.379692e-07
860 1.486295e-07
861 9.347426e-08
862 5.785967e-08
863 0.000000e+00
864 0.000000e+00
865 0.000000e+00
866 0.000000e+00
867 0.000000e+00
868 0.000000e+00
869 0.000000e+00
870 8.250561e-07
871 6.666853e-07
872 5.033734e-07
873 3.817855e-07
874 2.623013e-07
875 1.637297e-07
876 1.030480e-07
877 6.374991e-08
878 0.000000e+00
879 0.000000e+00
880 0.000000e+00
881 0.000000e+00
882 0.000000e+00
883 0.000000e+00
884 0.000000e+00
885 8.844078e-07
886 7.154668e-07
887 5.402776e-07
888 4.097577e-07
889 2.820493e-07
890 1.759851e-07
891 1.108170e-07
892 6.853044e-08
893 0.000000e+00
894 0.000000e+00
895 0.000000e+00
896 0.000000e+00
897 0.000000e+00
898 0.000000e+00
899 0.000000e+00
900 9.333394e-07
901 7.556716e-07
902 5.706915e-07
903 4.328134e-07
904 2.983237e-07
905 1.860857e-07
906 1.172205e-07
907 7.247087e-08
908 0.000000e+00
909 0.000000e+00
910 0.000000e+00
911 0.000000e+00
912 0.000000e+00
913 0.000000e+00
914 0.000000e+00
915 9.762561e-07
916 7.909403e-07
917 5.973729e-07
918 4.530395e-07
919 3.126002e-07
920 1.949457e-07
921 1.228375e-07
922 7.592722e-08
923 0.000000e+00
924 0.000000e+00
925 0.000000e+00
926 0.000000e+00
927 0.000000e+00
928 0.000000e+00
929 0.000000e+00
930 1.030593e-06
931 8.356149e-07
932 6.311776e-07
933 4.786657e-07
934 3.306897e-07
935 2.061712e-07
936 1.299541e-07
937 8.030666e-08
938 0.000000e+00
939 0.000000e+00
940 0.000000e+00
941 0.000000e+00
942 0.000000e+00
943 0.000000e+00
944 0.000000e+00
945 2.379462e-07
946 2.234946e-07
947 1.830472e-07
948 1.367356e-07
949 1.048711e-07
950 7.391903e-08
951 4.519236e-08
952 2.790434e-08
953 1.704374e-08
954 0.000000e+00
955 0.000000e+00
956 0.000000e+00
957 0.000000e+00
958 0.000000e+00
959 0.000000e+00
960 3.436541e-07
961 3.242262e-07
962 2.668735e-07
963 1.996642e-07
964 1.528272e-07
965 1.086601e-07
966 6.619322e-08
967 4.108999e-08
968 2.505243e-08
969 0.000000e+00
970 0.000000e+00
971 0.000000e+00
972 0.000000e+00
973 0.000000e+00
974 0.000000e+00
975 4.234242e-07
976 4.002303e-07
977 3.301059e-07
978 2.471271e-07
979 1.890009e-07
980 1.348569e-07
981 8.202823e-08
982 5.102980e-08
983 3.109041e-08
984 0.000000e+00
985 0.000000e+00
986 0.000000e+00
987 0.000000e+00
988 0.000000e+00
989 0.000000e+00
990 4.881854e-07
991 4.619340e-07
992 3.814403e-07
993 2.856591e-07
994 2.183681e-07
995 1.561249e-07
996 9.488384e-08
997 5.909947e-08
998 3.599235e-08
999 0.000000e+00
1000 0.000000e+00
1001 0.000000e+00
1002 0.000000e+00
1003 0.000000e+00
1004 0.000000e+00
1005 5.415388e-07
1006 5.127671e-07
1007 4.237319e-07
1008 3.174036e-07
1009 2.425621e-07
1010 1.736464e-07
1011 1.054748e-07
1012 6.574760e-08
1013 4.003082e-08
1014 0.000000e+00
1015 0.000000e+00
1016 0.000000e+00
1017 0.000000e+00
1018 0.000000e+00
1019 0.000000e+00
1020 5.883557e-07
1021 5.573723e-07
1022 4.608419e-07
1023 3.452587e-07
1024 2.637918e-07
1025 1.890229e-07
1026 1.147682e-07
1027 7.158114e-08
1028 4.357444e-08
1029 0.000000e+00
1030 0.000000e+00
1031 0.000000e+00
1032 0.000000e+00
1033 0.000000e+00
1034 0.000000e+00
1035 6.476748e-07
1036 6.138870e-07
1037 5.078604e-07
1038 3.805512e-07
1039 2.906900e-07
1040 2.085029e-07
1041 1.265431e-07
1042 7.897235e-08
1043 4.806427e-08
1044 0.000000e+00
1045 0.000000e+00
1046 0.000000e+00
1047 0.000000e+00
1048 0.000000e+00
1049 0.000000e+00
1050 1.272486e-07
1051 1.299241e-07
1052 1.177194e-07
1053 9.284983e-08
1054 6.893648e-08
1055 5.350276e-08
1056 3.459042e-08
1057 2.207666e-08
1058 1.303191e-08
1059 7.841118e-09
1060 0.000000e+00
1061 0.000000e+00
1062 0.000000e+00
1063 0.000000e+00
1064 0.000000e+00
1065 2.056047e-07
1066 2.106138e-07
1067 1.917185e-07
1068 1.518714e-07
1069 1.127538e-07
1070 8.743089e-08
1071 5.715434e-08
1072 3.621803e-08
1073 2.141244e-08
1074 1.289203e-08
1075 0.000000e+00
1076 0.000000e+00
1077 0.000000e+00
1078 0.000000e+00
1079 0.000000e+00
1080 2.684876e-07
1081 2.753491e-07
1082 2.510589e-07
1083 1.991792e-07
1084 1.478731e-07
1085 1.146276e-07
1086 7.521361e-08
1087 4.755054e-08
1088 2.812575e-08
1089 1.693828e-08
1090 0.000000e+00
1091 0.000000e+00
1092 0.000000e+00
1093 0.000000e+00
1094 0.000000e+00
1095 3.202985e-07
1096 3.286767e-07
1097 2.999412e-07
1098 2.381573e-07
1099 1.768031e-07
1100 1.370362e-07
1101 9.009785e-08
1102 5.688647e-08
1103 3.365702e-08
1104 2.027209e-08
1105 0.000000e+00
1106 0.000000e+00
1107 0.000000e+00
1108 0.000000e+00
1109 0.000000e+00
1110 3.657524e-07
1111 3.754675e-07
1112 3.428324e-07
1113 2.723432e-07
1114 2.021873e-07
1115 1.566930e-07
1116 1.031559e-07
1117 6.507783e-08
1118 3.850964e-08
1119 2.319685e-08
1120 0.000000e+00
1121 0.000000e+00
1122 0.000000e+00
1123 0.000000e+00
1124 0.000000e+00
1125 4.233387e-07
1126 4.347607e-07
1127 3.971547e-07
1128 3.156736e-07
1129 2.343540e-07
1130 1.816134e-07
1131 1.197029e-07
1132 7.546060e-08
1133 4.465884e-08
1134 2.690310e-08
1135 0.000000e+00
1136 0.000000e+00
1137 0.000000e+00
1138 0.000000e+00
1139 0.000000e+00
1140 1.367774e-07
1141 1.468938e-07
1142 1.430860e-07
1143 1.216983e-07
1144 9.182882e-08
1145 6.936439e-08
1146 5.216165e-08
1147 3.063973e-08
1148 1.949243e-08
1149 1.154630e-08
1150 6.810380e-09
1151 0.000000e+00
1152 0.000000e+00
1153 0.000000e+00
1154 0.000000e+00
1155 1.857685e-07
1156 1.996733e-07
1157 1.947342e-07
1158 1.658828e-07
1159 1.252642e-07
1160 9.456244e-08
1161 7.122739e-08
1162 4.185969e-08
1163 2.667848e-08
1164 1.579199e-08
1165 9.303201e-09
1166 0.000000e+00
1167 0.000000e+00
1168 0.000000e+00
1169 0.000000e+00
1170 2.287493e-07
1171 2.459850e-07
1172 2.400478e-07
1173 2.046388e-07
1174 1.545983e-07
1175 1.166647e-07
1176 8.795458e-08
1177 5.170117e-08
1178 3.298335e-08
1179 1.951708e-08
1180 1.148975e-08
1181 0.000000e+00
1182 0.000000e+00
1183 0.000000e+00
1184 0.000000e+00
1185 2.832153e-07
1186 3.046556e-07
1187 2.974663e-07
1188 2.537458e-07
1189 1.917609e-07
1190 1.446701e-07
1191 1.091465e-07
1192 6.417397e-08
1193 4.097277e-08
1194 2.423746e-08
1195 1.426099e-08
1196 0.000000e+00
1197 0.000000e+00
1198 0.000000e+00
1199 0.000000e+00
1200 9.741155e-08
1201 1.080212e-07
1202 1.102571e-07
1203 9.968815e-08
1204 7.834959e-08
1205 5.811955e-08
1206 4.523232e-08
1207 2.879480e-08
1208 1.846369e-08
1209 1.068054e-08
1210 6.251866e-09
1211 0.000000e+00
1212 0.000000e+00
1213 0.000000e+00
1214 0.000000e+00
1215 1.375353e-07
1216 1.526102e-07
1217 1.559124e-07
1218 1.411520e-07
1219 1.110626e-07
1220 8.237632e-08
1221 6.410375e-08
1222 4.093581e-08
1223 2.620033e-08
1224 1.515391e-08
1225 8.876547e-09
1226 0.000000e+00
1227 0.000000e+00
1228 0.000000e+00
1229 0.000000e+00
1230 1.883839e-07
1231 2.091195e-07
1232 2.137740e-07
1233 1.936960e-07
1234 1.525198e-07
1235 1.131169e-07
1236 8.801948e-08
1237 5.631864e-08
1238 3.600491e-08
1239 2.082279e-08
1240 1.220257e-08
1241 0.000000e+00
1242 0.000000e+00
1243 0.000000e+00
1244 0.000000e+00
1245 7.514266e-08
1246 8.531963e-08
1247 9.009139e-08
1248 8.549418e-08
1249 7.043947e-08
1250 5.244748e-08
1251 4.022004e-08
1252 2.876264e-08
1253 1.703422e-08
1254 1.017961e-08
1255 5.981617e-09
1256 0.000000e+00
1257 0.000000e+00
1258 0.000000e+00
1259 0.000000e+00
1260 1.222574e-07
1261 1.388960e-07
1262 1.467851e-07
1263 1.394642e-07
1264 1.150609e-07
1265 8.570590e-08
1266 6.568388e-08
1267 4.709829e-08
1268 2.784520e-08
1269 1.667778e-08
1270 9.794162e-09
1271 0.000000e+00
1272 0.000000e+00
1273 0.000000e+00
1274 0.000000e+00
1275 7.541630e-08
1276 8.723203e-08
1277 9.453798e-08
1278 9.319722e-08
1279 8.034445e-08
1280 6.098084e-08
1281 4.581465e-08
1282 3.503973e-08
1283 2.040907e-08
1284 1.312354e-08
1285 7.578453e-09
1286 4.250794e-09
1287 0.000000e+00
1288 0.000000e+00
1289 0.000000e+00
1290 4.053389e-08
1291 4.758301e-08
1292 5.262785e-08
1293 5.344946e-08
1294 4.793924e-08
1295 3.738907e-08
1296 2.775738e-08
1297 2.164737e-08
1298 1.340817e-08
1299 8.680841e-09
1300 4.939774e-09
1301 2.782157e-09
1302 0.000000e+00
1303 0.000000e+00
1304 0.000000e+00
1305 3.940854e-05
1306 3.179040e-05
1307 2.393101e-05
1308 1.821415e-05
1309 1.249159e-05
1310 7.779268e-06
1311 4.885708e-06
1312 3.025888e-06
1313 0.000000e+00
1314 0.000000e+00
1315 0.000000e+00
1316 0.000000e+00
1317 0.000000e+00
1318 0.000000e+00
1319 0.000000e+00
1320 2.252507e-05
1321 2.138557e-05
1322 1.769811e-05
1323 1.323777e-05
1324 1.011682e-05
1325 7.289212e-06
1326 4.393451e-06
1327 2.736016e-06
1328 1.668904e-06
1329 0.000000e+00
1330 0.000000e+00
1331 0.000000e+00
1332 0.000000e+00
1333 0.000000e+00
1334 0.000000e+00
1335 1.469601e-05
1336 1.511069e-05
1337 1.382244e-05
1338 1.098795e-05
1339 8.148967e-06
1340 6.324907e-06
1341 4.170877e-06
1342 2.634379e-06
1343 1.552856e-06
1344 9.372339e-07
1345 0.000000e+00
1346 0.000000e+00
1347 0.000000e+00
1348 0.000000e+00
1349 0.000000e+00
1350 1.001397e-05
1351 1.078190e-05
1352 1.054036e-05
1353 9.000950e-06
1354 6.801153e-06
1355 5.127404e-06
1356 3.881171e-06
1357 2.271731e-06
1358 1.455470e-06
1359 8.606952e-07
1360 5.054715e-07
1361 0.000000e+00
1362 0.000000e+00
1363 0.000000e+00
1364 0.000000e+00
1365 7.095130e-06
1366 7.882270e-06
1367 8.066469e-06
1368 7.318579e-06
1369 5.766653e-06
1370 4.274313e-06
1371 3.328831e-06
1372 2.132955e-06
1373 1.365041e-06
1374 7.881055e-07
1375 4.624216e-07
1376 0.000000e+00
1377 0.000000e+00
1378 0.000000e+00
1379 0.000000e+00
1380 5.189409e-06
1381 5.899944e-06
1382 6.241342e-06
1383 5.938343e-06
1384 4.905397e-06
1385 3.653916e-06
1386 2.798883e-06
1387 2.013864e-06
1388 1.186721e-06
1389 7.112470e-07
1390 4.175570e-07
1391 0.000000e+00
1392 0.000000e+00
1393 0.000000e+00
1394 0.000000e+00
1395 3.886378e-06
1396 4.498472e-06
1397 4.880062e-06
1398 4.817696e-06
1399 4.160189e-06
1400 3.159728e-06
1401 2.372034e-06
1402 1.818350e-06
1403 1.058412e-06
1404 6.828591e-07
1405 3.941854e-07
1406 2.204542e-07
1407 0.000000e+00
1408 0.000000e+00
1409 0.000000e+00
1410 2.701370e-06
1411 3.173907e-06
1412 3.514540e-06
1413 3.575495e-06
1414 3.214146e-06
1415 2.510908e-06
1416 1.863009e-06
1417 1.453825e-06
1418 9.043147e-07
1419 5.850957e-07
1420 3.325838e-07
1421 1.876416e-07
1422 0.000000e+00
1423 0.000000e+00
1424 0.000000e+00
1425 1.551096e-06
1426 1.849488e-06
1427 2.089197e-06
1428 2.187492e-06
1429 2.048563e-06
1430 1.662570e-06
1431 1.233161e-06
1432 9.531708e-07
1433 6.581825e-07
1434 3.969655e-07
1435 2.282601e-07
1436 1.315848e-07
1437 0.000000e+00
1438 0.000000e+00
1439 0.000000e+00
1440 6.870859e-07
1441 8.307660e-07
1442 9.560301e-07
1443 1.027659e-06
1444 1.000120e-06
1445 8.478930e-07
1446 6.377958e-07
1447 4.828704e-07
1448 3.623774e-07
1449 2.084436e-07
1450 1.294541e-07
1451 7.362639e-08
1452 4.046799e-08
1453 0.000000e+00
1454 0.000000e+00
