0 2.995327e-09
1 2.051336e-09
2 1.355496e-09
3 8.833639e-10
4 5.828975e-10
5 3.917818e-10
6 2.685378e-10
7 1.855028e-10
8 1.269450e-10
9 8.463003e-11
10 5.420323e-11
11 3.304805e-11
12 1.907883e-11
13 1.044637e-11
14 5.465598e-12
15 4.889195e-09
16 3.418791e-09
17 2.298184e-09
18 1.493264e-09
19 9.731343e-10
20 6.437855e-10
21 4.358005e-10
22 2.999043e-10
23 2.068658e-10
24 1.403897e-10
25 9.219406e-11
26 5.788612e-11
27 3.445669e-11
28 1.938340e-11
29 1.035953e-11
30 5.460677e-09
31 3.834851e-09
32 2.589016e-09
33 1.682735e-09
34 1.093342e-09
35 7.212020e-10
36 4.866481e-10
37 3.344978e-10
38 2.310338e-10
39 1.572480e-10
40 1.037778e-10
41 6.556512e-11
42 3.926342e-11
43 2.220809e-11
44 1.191476e-11
45 5.781021e-09
46 4.066742e-09
47 2.751563e-09
48 1.788579e-09
49 1.160543e-09
50 7.643970e-10
51 5.151073e-10
52 3.537928e-10
53 2.444161e-10
54 1.666490e-10
55 1.102585e-10
56 6.981875e-11
57 4.194026e-11
58 2.378871e-11
59 1.278790e-11
60 5.995426e-09
61 4.223942e-09
62 2.861405e-09
63 1.859986e-09
64 1.205911e-09
65 7.936587e-10
66 5.342901e-10
67 3.668815e-10
68 2.534950e-10
69 1.730424e-10
70 1.146217e-10
71 7.271660e-11
72 4.375062e-11
73 2.485030e-11
74 1.337593e-11
75 6.159192e-09
76 4.343026e-09
77 2.944642e-09
78 1.914114e-09
79 1.240278e-09
80 8.158248e-10
81 5.488378e-10
82 3.767498e-10
83 2.603917e-10
84 1.778435e-10
85 1.179300e-10
86 7.491036e-11
87 4.512507e-11
88 2.565738e-11
89 1.382062e-11
90 6.293052e-09
91 4.439528e-09
92 3.012143e-09
93 1.958100e-09
94 1.268180e-09
95 8.337425e-10
96 5.606737e-10
97 3.847568e-10
98 2.660265e-10
99 1.817914e-10
100 1.206457e-10
101 7.670235e-11
102 4.624920e-11
103 2.631914e-11
104 1.418253e-11
105 6.402382e-09
106 4.519389e-09
107 3.067849e-09
108 1.994306e-09
109 1.291243e-09
110 8.485308e-10
111 5.703939e-10
112 3.914591e-10
113 2.706475e-10
114 1.850380e-10
115 1.228776e-10
116 7.816717e-11
117 4.716459e-11
118 2.685694e-11
119 1.448056e-11
120 6.497406e-09
121 4.588624e-09
122 3.116992e-09
123 2.026352e-09
124 1.311483e-09
125 8.616010e-10
126 5.789013e-10
127 3.971780e-10
128 2.746598e-10
129 1.878456e-10
130 1.247937e-10
131 7.944750e-11
132 4.796182e-11
133 2.733098e-11
134 1.474364e-11
135 6.618933e-09
136 4.677110e-09
137 3.178869e-09
138 2.066762e-09
139 1.337097e-09
140 8.781193e-10
141 5.899177e-10
142 4.046512e-10
143 2.799159e-10
144 1.914423e-10
145 1.272737e-10
146 8.109918e-11
147 4.900371e-11
148 2.793756e-11
149 1.507909e-11
150 1.041041e-08
151 7.538082e-09
152 5.265329e-09
153 3.518414e-09
154 2.266921e-09
155 1.469929e-09
156 9.658058e-10
157 6.501897e-10
158 4.457100e-10
159 3.065920e-10
160 2.076424e-10
161 1.361914e-10
162 8.538607e-11
163 5.067335e-11
164 2.839415e-11
165 1.286517e-08
166 9.415804e-09
167 6.642451e-09
168 4.496273e-09
169 2.906602e-09
170 1.873845e-09
171 1.221475e-09
172 8.154239e-10
173 5.559338e-10
174 3.823462e-10
175 2.604704e-10
176 1.725760e-10
177 1.097020e-10
178 6.613024e-11
179 3.761774e-11
180 1.422475e-08
181 1.045474e-08
182 7.405275e-09
183 5.036453e-09
184 3.259995e-09
185 2.096783e-09
186 1.362742e-09
187 9.066675e-10
188 6.167123e-10
189 4.241617e-10
190 2.895961e-10
191 1.926971e-10
192 1.231361e-10
193 7.465940e-11
194 4.271505e-11
195 1.514573e-08
196 1.115969e-08
197 7.921520e-09
198 5.403288e-09
199 3.499735e-09
200 2.247552e-09
201 1.458507e-09
202 9.683318e-10
203 6.578563e-10
204 4.525487e-10
205 3.093490e-10
206 2.063274e-10
207 1.322456e-10
208 8.044622e-11
209 4.616079e-11
210 1.584068e-08
211 1.169198e-08
212 8.311818e-09
213 5.680005e-09
214 3.680221e-09
215 2.361424e-09
216 1.531057e-09
217 1.015042e-09
218 6.891527e-10
219 4.740358e-10
220 3.243373e-10
221 2.166254e-10
222 1.391387e-10
223 8.482731e-11
224 4.877020e-11
225 1.640974e-08
226 1.212553e-08
227 8.629172e-09
228 5.905432e-09
229 3.827506e-09
230 2.454222e-09
231 1.589927e-09
232 1.053078e-09
233 7.144836e-10
234 4.914300e-10
235 3.364776e-10
236 2.250243e-10
237 1.447311e-10
238 8.838180e-11
239 5.089514e-11
240 1.687737e-08
241 1.248371e-08
242 8.891846e-09
243 6.091958e-09
244 3.949350e-09
245 2.531121e-09
246 1.638710e-09
247 1.084500e-09
248 7.353793e-10
249 5.057989e-10
250 3.464923e-10
251 2.319380e-10
252 1.493483e-10
253 9.132797e-11
254 5.264923e-11
255 1.728703e-08
256 1.279626e-08
257 9.121781e-09
258 6.255058e-09
259 4.055193e-09
260 2.597969e-09
261 1.681084e-09
262 1.111977e-09
263 7.536791e-10
264 5.184540e-10
265 3.553427e-10
266 2.380382e-10
267 1.534057e-10
268 9.388807e-11
269 5.417995e-11
270 1.780590e-08
271 1.319249e-08
272 9.412500e-09
273 6.460037e-09
274 4.189828e-09
275 2.682869e-09
276 1.735312e-09
277 1.147014e-09
278 7.768457e-10
279 5.344130e-10
280 3.663809e-10
281 2.456580e-10
282 1.585261e-10
283 9.713663e-11
284 5.611227e-11
285 1.741758e-08
286 1.305182e-08
287 9.362293e-09
288 6.474282e-09
289 4.270183e-09
290 2.733487e-09
291 1.767833e-09
292 1.158981e-09
293 7.785781e-10
294 5.317554e-10
295 3.634184e-10
296 2.439113e-10
297 1.582994e-10
298 9.800220e-11
299 5.739699e-11
300 2.017625e-08
301 1.528373e-08
302 1.104521e-08
303 7.699233e-09
304 5.124862e-09
305 3.278802e-09
306 2.112232e-09
307 1.374915e-09
308 9.175826e-10
309 6.244243e-10
310 4.268458e-10
311 2.878869e-10
312 1.883260e-10
313 1.178174e-10
314 6.980593e-11
315 2.202516e-08
316 1.677923e-08
317 1.217054e-08
318 8.520823e-09
319 5.697289e-09
320 3.642308e-09
321 2.342081e-09
322 1.518980e-09
323 1.010642e-09
324 6.864888e-10
325 4.694192e-10
326 3.173853e-10
327 2.084428e-10
328 1.310668e-10
329 7.810964e-11
330 2.342692e-08
331 1.791230e-08
332 1.302397e-08
333 9.140249e-09
334 6.131000e-09
335 3.917836e-09
336 2.516638e-09
337 1.628248e-09
338 1.081170e-09
339 7.335614e-10
340 5.016715e-10
341 3.396427e-10
342 2.236890e-10
343 1.411127e-10
344 8.438676e-11
345 2.457308e-08
346 1.883552e-08
347 1.371749e-08
348 9.645675e-09
349 6.483056e-09
350 4.142016e-09
351 2.658337e-09
352 1.717184e-09
353 1.138439e-09
354 7.716638e-10
355 5.278554e-10
356 3.577758e-10
357 2.360827e-10
358 1.492833e-10
359 8.950454e-11
360 2.551318e-08
361 1.959571e-08
362 1.428964e-08
363 1.006368e-08
364 6.773304e-09
365 4.326586e-09
366 2.774799e-09
367 1.790077e-09
368 1.185651e-09
369 8.031005e-10
370 5.494306e-10
371 3.727361e-10
372 2.462831e-10
373 1.560190e-10
374 9.373221e-11
375 2.633386e-08
376 2.026198e-08
377 1.479103e-08
378 1.042862e-08
379 7.027311e-09
380 4.489221e-09
381 2.877793e-09
382 1.854560e-09
383 1.227090e-09
384 8.307679e-10
385 5.684075e-10
386 3.858502e-10
387 2.552539e-10
388 1.619183e-10
389 9.738720e-11
390 2.737926e-08
391 2.110538e-08
392 1.542617e-08
393 1.088936e-08
394 7.349785e-09
395 4.693349e-09
396 3.007493e-09
397 1.935806e-09
398 1.279470e-09
399 8.657882e-10
400 5.923983e-10
401 4.024132e-10
402 2.666005e-10
403 1.693839e-10
404 1.020920e-10
405 2.444599e-08
406 1.888878e-08
407 1.384333e-08
408 9.761535e-09
409 6.605005e-09
410 4.260851e-09
411 2.725192e-09
412 1.759423e-09
413 1.160191e-09
414 7.819448e-10
415 5.326986e-10
416 3.605914e-10
417 2.381906e-10
418 1.512434e-10
419 9.130579e-11
420 2.741487e-08
421 2.141388e-08
422 1.580931e-08
423 1.121544e-08
424 7.648117e-09
425 4.957888e-09
426 3.158908e-09
427 2.032653e-09
428 1.332218e-09
429 8.930782e-10
430 6.072460e-10
431 4.115061e-10
432 2.731804e-10
433 1.747585e-10
434 1.064462e-10
435 2.964441e-08
436 2.330779e-08
437 1.728290e-08
438 1.230188e-08
439 8.428311e-09
440 5.478466e-09
441 3.482946e-09
442 2.236923e-09
443 1.460627e-09
444 9.763058e-10
445 6.629300e-10
446 4.497536e-10
447 2.994239e-10
448 1.923759e-10
449 1.177912e-10
450 3.145974e-08
451 2.484526e-08
452 1.847833e-08
453 1.318481e-08
454 9.062981e-09
455 5.902160e-09
456 3.746056e-09
457 2.402967e-09
458 1.564978e-09
459 1.043846e-09
460 7.081948e-10
461 4.807674e-10
462 3.207424e-10
463 2.066816e-10
464 1.270250e-10
465 3.295780e-08
466 2.611269e-08
467 1.946402e-08
468 1.391384e-08
469 9.585367e-09
470 6.250559e-09
471 3.962709e-09
472 2.539153e-09
473 1.650837e-09
474 1.099450e-09
475 7.454900e-10
476 5.063979e-10
477 3.382816e-10
478 2.184739e-10
479 1.346140e-10
480 3.426461e-08
481 2.722485e-08
482 2.033241e-08
483 1.455307e-08
484 1.004537e-08
485 6.557988e-09
486 4.154719e-09
487 2.659643e-09
488 1.726672e-09
489 1.148489e-09
490 7.783654e-10
491 5.288214e-10
492 3.537185e-10
493 2.288349e-10
494 1.412879e-10
495 3.593324e-08
496 2.863202e-08
497 2.142733e-08
498 1.536265e-08
499 1.062558e-08
500 6.944880e-09
501 4.395119e-09
502 2.811141e-09
503 1.822012e-09
504 1.210316e-09
505 8.197239e-10
506 5.572903e-10
507 3.732412e-10
508 2.419131e-10
509 1.497156e-10
510 3.161205e-08
511 2.511782e-08
512 1.879311e-08
513 1.345592e-08
514 9.277113e-09
515 6.088060e-09
516 3.870757e-09
517 2.480546e-09
518 1.609084e-09
519 1.068812e-09
520 7.223526e-10
521 4.891788e-10
522 3.262618e-10
523 2.106773e-10
524 1.299985e-10
525 3.481340e-08
526 2.794766e-08
527 2.107916e-08
528 1.517351e-08
529 1.052713e-08
530 6.955924e-09
531 4.419431e-09
532 2.825117e-09
533 1.821950e-09
534 1.203783e-09
535 8.106719e-10
536 5.487713e-10
537 3.669629e-10
538 2.382000e-10
539 1.480640e-10
540 3.740413e-08
541 3.023341e-08
542 2.291862e-08
543 1.655591e-08
544 1.153173e-08
545 7.653812e-09
546 4.858905e-09
547 3.101661e-09
548 1.992561e-09
549 1.312164e-09
550 8.816483e-10
551 5.966590e-10
552 3.996377e-10
553 2.603472e-10
554 1.625976e-10
555 3.953596e-08
556 3.211768e-08
557 2.443750e-08
558 1.769771e-08
559 1.236140e-08
560 8.229066e-09
561 5.221220e-09
562 3.329214e-09
563 2.133485e-09
564 1.401391e-09
565 9.402042e-10
566 6.361992e-10
567 4.266833e-10
568 2.786338e-10
569 1.745978e-10
570 4.140464e-08
571 3.376842e-08
572 2.576781e-08
573 1.869686e-08
574 1.308776e-08
575 8.734622e-09
576 5.539841e-09
577 3.529633e-09
578 2.256967e-09
579 1.479858e-09
580 9.916711e-10
581 6.709060e-10
582 4.503866e-10
583 2.946596e-10
584 1.850625e-10
585 4.378293e-08
586 3.586226e-08
587 2.746085e-08
588 1.996737e-08
589 1.401033e-08
590 9.373961e-09
591 5.943743e-09
592 3.782616e-09
593 2.413506e-09
594 1.579222e-09
595 1.056712e-09
596 7.147510e-10
597 4.803925e-10
598 3.149441e-10
599 1.983843e-10
600 3.910723e-08
601 3.187327e-08
602 2.435252e-08
603 1.768933e-08
604 1.237358e-08
605 8.267746e-09
606 5.275572e-09
607 3.356373e-09
608 2.150240e-09
609 1.408518e-09
610 9.417676e-10
611 6.355018e-10
612 4.255972e-10
613 2.778567e-10
614 1.743741e-10
615 4.260282e-08
616 3.506681e-08
617 2.702041e-08
618 1.974048e-08
619 1.387863e-08
620 9.340071e-09
621 5.974672e-09
622 3.790264e-09
623 2.418650e-09
624 1.575735e-09
625 1.048705e-09
626 7.062997e-10
627 4.733535e-10
628 3.102141e-10
629 1.958140e-10
630 4.547160e-08
631 3.769084e-08
632 2.920674e-08
633 2.142167e-08
634 1.511086e-08
635 1.021550e-08
636 6.545265e-09
637 4.143918e-09
638 2.637852e-09
639 1.712395e-09
640 1.136103e-09
641 7.640537e-10
642 5.125069e-10
643 3.367081e-10
644 2.133762e-10
645 4.798417e-08
646 3.999078e-08
647 3.112587e-08
648 2.289410e-08
649 1.619351e-08
650 1.098547e-08
651 7.048275e-09
652 4.455027e-09
653 2.830083e-09
654 1.832433e-09
655 1.212938e-09
656 8.148849e-10
657 5.469502e-10
658 3.599611e-10
659 2.287394e-10
660 5.118219e-08
661 4.291097e-08
662 3.355836e-08
663 2.476078e-08
664 1.756371e-08
665 1.195969e-08
666 7.683376e-09
667 4.848640e-09
668 3.073989e-09
669 1.984492e-09
670 1.310169e-09
671 8.792170e-10
672 5.903606e-10
673 3.894486e-10
674 2.482879e-10
675 4.712527e-08
676 3.932661e-08
677 3.069011e-08
678 2.263378e-08
679 1.602561e-08
680 1.088805e-08
681 7.020333e-09
682 4.437040e-09
683 2.821715e-09
684 1.822985e-09
685 1.203607e-09
686 8.065967e-10
687 5.400813e-10
688 3.551609e-10
689 2.257468e-10
690 5.085979e-08
691 4.284938e-08
692 3.372629e-08
693 2.503020e-08
694 1.780464e-08
695 1.217004e-08
696 7.887048e-09
697 4.974175e-09
698 3.156471e-09
699 2.028064e-09
700 1.332111e-09
701 8.895481e-10
702 5.954216e-10
703 3.923583e-10
704 2.504984e-10
705 5.412315e-08
706 4.592975e-08
707 3.638153e-08
708 2.712216e-08
709 1.935721e-08
710 1.328938e-08
711 8.643137e-09
712 5.442736e-09
713 3.448141e-09
714 2.206658e-09
715 1.444188e-09
716 9.619439e-10
717 6.436557e-10
718 4.248241e-10
719 2.720967e-10
720 5.827626e-08
721 4.982979e-08
722 3.974959e-08
723 2.977608e-08
724 2.132618e-08
725 1.470877e-08
726 9.602872e-09
727 6.035966e-09
728 3.817886e-09
729 2.433341e-09
730 1.586164e-09
731 1.054010e-09
732 7.048896e-10
733 4.660112e-10
734 2.995708e-10
735 5.554827e-08
736 4.738339e-08
737 3.774961e-08
738 2.828856e-08
739 2.025740e-08
740 1.395343e-08
741 9.125847e-09
742 5.753283e-09
743 3.640164e-09
744 2.321490e-09
745 1.513340e-09
746 1.004512e-09
747 6.705678e-10
748 4.424071e-10
749 2.837937e-10
750 5.968142e-08
751 5.138346e-08
752 4.130662e-08
753 3.116961e-08
754 2.242919e-08
755 1.553352e-08
756 1.022325e-08
757 6.445334e-09
758 4.069234e-09
759 2.581949e-09
760 1.674025e-09
761 1.106240e-09
762 7.370473e-10
763 4.866422e-10
764 3.132173e-10
765 6.491958e-08
766 5.643814e-08
767 4.580133e-08
768 3.481169e-08
769 2.517235e-08
770 1.752861e-08
771 1.161089e-08
772 7.319317e-09
773 4.611446e-09
774 2.910877e-09
775 1.876979e-09
776 1.235066e-09
777 8.210545e-10
778 5.425510e-10
779 3.504089e-10
780 6.478188e-08
781 5.643359e-08
782 4.591121e-08
783 3.500089e-08
784 2.536583e-08
785 1.768463e-08
786 1.174793e-08
787 7.431279e-09
788 4.675611e-09
789 2.950403e-09
790 1.898451e-09
791 1.245760e-09
792 8.263885e-10
793 5.452052e-10
794 3.519479e-10
795 7.130177e-08
796 6.288975e-08
797 5.180945e-08
798 3.992033e-08
799 2.914759e-08
800 2.045921e-08
801 1.371496e-08
802 8.708030e-09
803 5.460749e-09
804 3.428326e-09
805 2.189009e-09
806 1.425904e-09
807 9.413699e-10
808 6.205378e-10
809 4.016790e-10
810 7.992244e-08
811 7.167322e-08
812 6.011910e-08
813 4.710390e-08
814 3.482120e-08
815 2.467268e-08
816 1.675242e-08
817 1.075698e-08
818 6.719746e-09
819 4.201001e-09
820 2.651077e-09
821 1.705443e-09
822 1.114966e-09
823 7.314335e-10
824 4.736607e-10
825 5.127735e-07
826 4.100467e-07
827 3.091950e-07
828 2.346089e-07
829 1.584778e-07
830 9.936816e-08
831 6.233746e-08
832 3.880296e-08
833 0.000000e+00
834 0.000000e+00
835 0.000000e+00
836 0.000000e+00
837 0.000000e+00
838 0.000000e+00
839 0.000000e+00
840 6.552057e-07
841 5.271011e-07
842 3.977488e-07
843 3.017401e-07
844 2.058728e-07
845 1.288035e-07
846 8.101916e-08
847 5.032516e-08
848 0.000000e+00
849 0.000000e+00
850 0.000000e+00
851 0.000000e+00
852 0.000000e+00
853 0.000000e+00
854 0.000000e+00
855 7.517558e-07
856 6.064378e-07
857 4.577644e-07
858 3.472226e-07
859 2.379930e-07
860 1.487498e-07
861 9.368059e-08
862 5.813440e-08
863 0.000000e+00
864 0.000000e+00
865 0.000000e+00
866 0.000000e+00
867 0.000000e+00
868 0.000000e+00
869 0.000000e+00
870 8.248862e-07
871 6.665090e-07
872 5.032060e-07
873 3.816853e-07
874 2.623261e-07
875 1.638601e-07
876 1.032730e-07
877 6.404943e-08
878 0.000000e+00
879 0.000000e+00
880 0.000000e+00
881 0.000000e+00
882 0.000000e+00
883 0.000000e+00
884 0.000000e+00
885 8.842265e-07
886 7.152783e-07
887 5.400985e-07
888 4.096496e-07
889 2.820749e-07
890 1.761236e-07
891 1.110570e-07
892 6.885008e-08
893 0.000000e+00
894 0.000000e+00
895 0.000000e+00
896 0.000000e+00
897 0.000000e+00
898 0.000000e+00
899 0.000000e+00
900 9.331486e-07
901 7.554731e-07
902 5.705028e-07
903 4.326986e-07
904 2.983499e-07
905 1.862309e-07
906 1.174729e-07
907 7.280711e-08
908 0.000000e+00
909 0.000000e+00
910 0.000000e+00
911 0.000000e+00
912 0.000000e+00
913 0.000000e+00
914 0.000000e+00
915 9.760570e-07
916 7.907330e-07
917 5.971758e-07
918 4.529190e-07
919 3.126270e-07
920 1.950968e-07
921 1.231009e-07
922 7.627800e-08
923 0.000000e+00
924 0.000000e+00
925 0.000000e+00
926 0.000000e+00
927 0.000000e+00
928 0.000000e+00
929 0.000000e+00
930 1.030383e-06
931 8.353965e-07
932 6.309699e-07
933 4.785379e-07
934 3.307172e-07
935 2.063298e-07
936 1.302313e-07
937 8.067587e-08
938 0.000000e+00
939 0.000000e+00
940 0.000000e+00
941 0.000000e+00
942 0.000000e+00
943 0.000000e+00
944 0.000000e+00
945 2.379141e-07
946 2.234538e-07
947 1.830037e-07
948 1.366945e-07
949 1.048374e-07
950 7.392207e-08
951 4.521692e-08
952 2.795504e-08
953 1.710828e-08
954 0.000000e+00
955 0.000000e+00
956 0.000000e+00
957 0.000000e+00
958 0.000000e+00
959 0.000000e+00
960 3.436080e-07
961 3.241674e-07
962 2.668103e-07
963 1.996044e-07
964 1.527773e-07
965 1.086626e-07
966 6.622721e-08
967 4.116190e-08
968 2.514444e-08
969 0.000000e+00
970 0.000000e+00
971 0.000000e+00
972 0.000000e+00
973 0.000000e+00
974 0.000000e+00
975 4.233676e-07
976 4.001578e-07
977 3.300279e-07
978 2.470531e-07
979 1.889388e-07
980 1.348589e-07
981 8.206935e-08
982 5.111774e-08
983 3.120317e-08
984 0.000000e+00
985 0.000000e+00
986 0.000000e+00
987 0.000000e+00
988 0.000000e+00
989 0.000000e+00
990 4.881204e-07
991 4.618505e-07
992 3.813504e-07
993 2.855738e-07
994 2.182961e-07
995 1.561266e-07
996 9.493074e-08
997 5.920042e-08
998 3.612194e-08
999 0.000000e+00
1000 0.000000e+00
1001 0.000000e+00
1002 0.000000e+00
1003 0.000000e+00
1004 0.000000e+00
1005 5.414667e-07
1006 5.126745e-07
1007 4.236320e-07
1008 3.173088e-07
1009 2.424819e-07
1010 1.736478e-07
1011 1.055265e-07
1012 6.585927e-08
1013 4.017428e-08
1014 0.000000e+00
1015 0.000000e+00
1016 0.000000e+00
1017 0.000000e+00
1018 0.000000e+00
1019 0.000000e+00
1020 5.882774e-07
1021 5.572717e-07
1022 4.607333e-07
1023 3.451556e-07
1024 2.637045e-07
1025 1.890240e-07
1026 1.148240e-07
1027 7.170221e-08
1028 4.373008e-08
1029 0.000000e+00
1030 0.000000e+00
1031 0.000000e+00
1032 0.000000e+00
1033 0.000000e+00
1034 0.000000e+00
1035 6.475887e-07
1036 6.137763e-07
1037 5.077409e-07
1038 3.804377e-07
1039 2.905936e-07
1040 2.085037e-07
1041 1.266042e-07
1042 7.910534e-08
1043 4.823533e-08
1044 0.000000e+00
1045 0.000000e+00
1046 0.000000e+00
1047 0.000000e+00
1048 0.000000e+00
1049 0.000000e+00
1050 1.272336e-07
1051 1.299028e-07
1052 1.176936e-07
1053 9.282377e-08
1054 6.891226e-08
1055 5.348652e-08
1056 3.459311e-08
1057 2.209094e-08
1058 1.305720e-08
1059 7.874438e-09
1060 0.000000e+00
1061 0.000000e+00
1062 0.000000e+00
1063 0.000000e+00
1064 0.000000e+00
1065 2.055806e-07
1066 2.105794e-07
1067 1.916767e-07
1068 1.518288e-07
1069 1.127142e-07
1070 8.740313e-08
1071 5.715765e-08
1072 3.623980e-08
1073 2.145251e-08
1074 1.294487e-08
1075 0.000000e+00
1076 0.000000e+00
1077 0.000000e+00
1078 0.000000e+00
1079 0.000000e+00
1080 2.684562e-07
1081 2.753041e-07
1082 2.510042e-07
1083 1.991234e-07
1084 1.478212e-07
1085 1.145906e-07
1086 7.521745e-08
1087 4.757836e-08
1088 2.817771e-08
1089 1.700681e-08
1090 0.000000e+00
1091 0.000000e+00
1092 0.000000e+00
1093 0.000000e+00
1094 0.000000e+00
1095 3.202611e-07
1096 3.286231e-07
1097 2.998759e-07
1098 2.380906e-07
1099 1.767410e-07
1100 1.369917e-07
1101 9.010212e-08
1102 5.691927e-08
1103 3.371878e-08
1104 2.035354e-08
1105 0.000000e+00
1106 0.000000e+00
1107 0.000000e+00
1108 0.000000e+00
1109 0.000000e+00
1110 3.657097e-07
1111 3.754063e-07
1112 3.427578e-07
1113 2.722669e-07
1114 2.021163e-07
1115 1.566418e-07
1116 1.031605e-07
1117 6.511500e-08
1118 3.857998e-08
1119 2.328965e-08
1120 0.000000e+00
1121 0.000000e+00
1122 0.000000e+00
1123 0.000000e+00
1124 0.000000e+00
1125 4.232893e-07
1126 4.346898e-07
1127 3.970683e-07
1128 3.155852e-07
1129 2.342718e-07
1130 1.815538e-07
1131 1.197080e-07
1132 7.550332e-08
1133 4.474008e-08
1134 2.701027e-08
1135 0.000000e+00
1136 0.000000e+00
1137 0.000000e+00
1138 0.000000e+00
1139 0.000000e+00
1140 1.367624e-07
1141 1.468707e-07
1142 1.430556e-07
1143 1.216646e-07
1144 9.179656e-08
1145 6.933433e-08
1146 5.214992e-08
1147 3.064290e-08
1148 1.951030e-08
1149 1.157268e-08
1150 6.846941e-09
1151 0.000000e+00
1152 0.000000e+00
1153 0.000000e+00
1154 0.000000e+00
1155 1.857481e-07
1156 1.996420e-07
1157 1.946928e-07
1158 1.658368e-07
1159 1.252202e-07
1160 9.452144e-08
1161 7.121098e-08
1162 4.186372e-08
1163 2.670245e-08
1164 1.582759e-08
1165 9.352481e-09
1166 0.000000e+00
1167 0.000000e+00
1168 0.000000e+00
1169 0.000000e+00
1170 2.287242e-07
1171 2.459464e-07
1172 2.399967e-07
1173 2.045820e-07
1174 1.545439e-07
1175 1.166141e-07
1176 8.793406e-08
1177 5.170596e-08
1178 3.301267e-08
1179 1.956078e-08
1180 1.155031e-08
1181 0.000000e+00
1182 0.000000e+00
1183 0.000000e+00
1184 0.000000e+00
1185 2.831843e-07
1186 3.046079e-07
1187 2.974031e-07
1188 2.536753e-07
1189 1.916934e-07
1190 1.446073e-07
1191 1.091208e-07
1192 6.417973e-08
1193 4.100888e-08
1194 2.429140e-08
1195 1.433576e-08
1196 0.000000e+00
1197 0.000000e+00
1198 0.000000e+00
1199 0.000000e+00
1200 9.740118e-08
1201 1.080044e-07
1202 1.102336e-07
1203 9.966005e-08
1204 7.832141e-08
1205 5.809356e-08
1206 4.521260e-08
1207 2.878989e-08
1208 1.846806e-08
1209 1.069290e-08
1210 6.270469e-09
1211 0.000000e+00
1212 0.000000e+00
1213 0.000000e+00
1214 0.000000e+00
1215 1.375207e-07
1216 1.525865e-07
1217 1.558790e-07
1218 1.411122e-07
1219 1.110227e-07
1220 8.233945e-08
1221 6.407554e-08
1222 4.092859e-08
1223 2.620618e-08
1224 1.517114e-08
1225 8.902560e-09
1226 0.000000e+00
1227 0.000000e+00
1228 0.000000e+00
1229 0.000000e+00
1230 1.883638e-07
1231 2.090871e-07
1232 2.137283e-07
1233 1.936414e-07
1234 1.524649e-07
1235 1.130662e-07
1236 8.798050e-08
1237 5.630850e-08
1238 3.601263e-08
1239 2.084619e-08
1240 1.223798e-08
1241 0.000000e+00
1242 0.000000e+00
1243 0.000000e+00
1244 0.000000e+00
1245 7.513494e-08
1246 8.530654e-08
1247 9.007210e-08
1248 8.546978e-08
1249 7.041359e-08
1250 5.242337e-08
1251 4.019769e-08
1252 2.875178e-08
1253 1.703129e-08
1254 1.018445e-08
1255 5.990861e-09
1256 0.000000e+00
1257 0.000000e+00
1258 0.000000e+00
1259 0.000000e+00
1260 1.222449e-07
1261 1.388747e-07
1262 1.467537e-07
1263 1.394244e-07
1264 1.150186e-07
1265 8.566647e-08
1266 6.564729e-08
1267 4.708026e-08
1268 2.784021e-08
1269 1.668543e-08
1270 9.808998e-09
1271 0.000000e+00
1272 0.000000e+00
1273 0.000000e+00
1274 0.000000e+00
1275 7.540885e-08
1276 8.721895e-08
1277 9.451787e-08
1278 9.317054e-08
1279 8.031463e-08
1280 6.095232e-08
1281 4.578830e-08
1282 3.502125e-08
1283 2.040116e-08
1284 1.312315e-08
1285 7.583167e-09
1286 4.259567e-09
1287 0.000000e+00
1288 0.000000e+00
1289 0.000000e+00
1290 4.053004e-08
1291 4.757603e-08
1292 5.261680e-08
1293 5.343420e-08
1294 4.792137e-08
1295 3.737144e-08
1296 2.774120e-08
1297 2.163379e-08
1298 1.340092e-08
1299 8.677599e-09
1300 4.939697e-09
1301 2.784434e-09
1302 0.000000e+00
1303 0.000000e+00
1304 0.000000e+00
1305 3.940049e-05
1306 3.178204e-05
1307 2.392307e-05
1308 1.820924e-05
1309 1.249287e-05
1310 7.785425e-06
1311 4.896480e-06
1312 3.040076e-06
1313 0.000000e+00
1314 0.000000e+00
1315 0.000000e+00
1316 0.000000e+00
1317 0.000000e+00
1318 0.000000e+00
1319 0.000000e+00
1320 2.252209e-05
1321 2.138173e-05
1322 1.769396e-05
1323 1.323383e-05
1324 1.011336e-05
1325 7.289245e-06
1326 4.395493e-06
1327 2.740626e-06
1328 1.674789e-06
1329 0.000000e+00
1330 0.000000e+00
1331 0.000000e+00
1332 0.000000e+00
1333 0.000000e+00
1334 0.000000e+00
1335 1.469430e-05
1336 1.510823e-05
1337 1.381943e-05
1338 1.098488e-05
1339 8.146112e-06
1340 6.322790e-06
1341 4.171054e-06
1342 2.635824e-06
1343 1.555656e-06
1344 9.409197e-07
1345 0.000000e+00
1346 0.000000e+00
1347 0.000000e+00
1348 0.000000e+00
1349 0.000000e+00
1350 1.001288e-05
1351 1.078021e-05
1352 1.053812e-05
1353 8.998454e-06
1354 6.798764e-06
1355 5.125179e-06
1356 3.880246e-06
1357 2.271928e-06
1358 1.456743e-06
1359 8.626009e-07
1360 5.081008e-07
1361 0.000000e+00
1362 0.000000e+00
1363 0.000000e+00
1364 0.000000e+00
1365 7.094375e-06
1366 7.881047e-06
1367 8.064743e-06
1368 7.316513e-06
1369 5.764576e-06
1370 4.272397e-06
1371 3.327342e-06
1372 2.132562e-06
1373 1.365315e-06
1374 7.889704e-07
1375 4.637398e-07
1376 0.000000e+00
1377 0.000000e+00
1378 0.000000e+00
1379 0.000000e+00
1380 5.188876e-06
1381 5.899040e-06
1382 6.240006e-06
1383 5.936647e-06
1384 4.903593e-06
1385 3.652234e-06
1386 2.797314e-06
1387 2.013083e-06
1388 1.186498e-06
1389 7.115626e-07
1390 4.181772e-07
1391 0.000000e+00
1392 0.000000e+00
1393 0.000000e+00
1394 0.000000e+00
1395 3.885995e-06
1396 4.497798e-06
1397 4.879024e-06
1398 4.816316e-06
1399 4.158644e-06
1400 3.158249e-06
1401 2.370668e-06
1402 1.817381e-06
1403 1.057994e-06
1404 6.828279e-07
1405 3.944189e-07
1406 2.208959e-07
1407 0.000000e+00
1408 0.000000e+00
1409 0.000000e+00
1410 2.701114e-06
1411 3.173442e-06
1412 3.513802e-06
1413 3.574474e-06
1414 3.212948e-06
1415 2.509723e-06
1416 1.861923e-06
1417 1.452905e-06
1418 9.038186e-07
1419 5.848667e-07
1420 3.325671e-07
1421 1.877833e-07
1422 0.000000e+00
1423 0.000000e+00
1424 0.000000e+00
1425 1.550965e-06
1426 1.849240e-06
1427 2.088788e-06
1428 2.186904e-06
1429 2.047837e-06
1430 1.661820e-06
1431 1.232471e-06
1432 9.525323e-07
1433 6.577646e-07
1434 3.967289e-07
1435 2.281663e-07
1436 1.315743e-07
1437 0.000000e+00
1438 0.000000e+00
1439 0.000000e+00
1440 6.870378e-07
1441 8.306712e-07
1442 9.558677e-07
1443 1.027416e-06
1444 9.998053e-07
1445 8.475509e-07
1446 6.374744e-07
1447 4.825732e-07
1448 3.621451e-07
1449 2.083106e-07
1450 1.293782e-07
1451 7.359077e-08
1452 4.045952e-08
1453 0.000000e+00
1454 0.000000e+00
