0 2.978925e-09
1 2.034353e-09
2 1.337236e-09
3 8.630909e-10
4 5.604542e-10
5 3.676144e-10
6 2.437440e-10
7 1.615561e-10
8 1.053940e-10
9 6.668972e-11
10 4.053221e-11
11 2.357090e-11
12 1.314032e-11
13 7.081871e-12
14 3.743358e-12
15 4.867687e-09
16 3.397315e-09
17 2.275703e-09
18 1.469065e-09
19 9.461629e-10
20 6.142514e-10
21 4.045000e-10
22 2.684818e-10
23 1.772555e-10
24 1.143464e-10
25 7.124019e-11
26 4.249724e-11
27 2.425991e-11
28 1.330034e-11
29 7.094106e-12
30 5.437656e-09
31 3.811748e-09
32 2.565156e-09
33 1.657241e-09
34 1.065206e-09
35 6.903490e-10
36 4.537046e-10
37 3.011242e-10
38 1.990991e-10
39 1.289807e-10
40 8.070990e-11
41 4.841393e-11
42 2.777059e-11
43 1.527910e-11
44 8.165263e-12
45 5.757186e-09
46 4.043256e-09
47 2.726990e-09
48 1.762482e-09
49 1.131739e-09
50 7.327490e-10
51 4.811477e-10
52 3.193169e-10
53 2.113073e-10
54 1.371031e-10
55 8.603474e-11
56 5.172194e-11
57 2.973431e-11
58 1.638699e-11
59 8.764657e-12
60 5.971325e-09
61 4.199758e-09
62 2.836659e-09
63 1.833482e-09
64 1.176716e-09
65 7.614980e-10
66 4.997832e-10
67 3.316396e-10
68 2.195948e-10
69 1.426432e-10
70 8.958485e-11
71 5.395889e-11
72 3.105640e-11
73 1.713272e-11
74 9.168013e-12
75 6.134409e-09
76 4.318592e-09
77 2.919594e-09
78 1.887263e-09
79 1.210809e-09
80 7.832557e-10
81 5.138532e-10
82 3.409113e-10
83 2.258358e-10
84 1.468166e-10
85 9.231588e-11
86 5.564113e-11
87 3.205910e-11
88 1.769889e-11
89 9.474579e-12
90 6.267476e-09
91 4.414562e-09
92 2.986782e-09
93 1.930946e-09
94 1.238460e-09
95 8.007987e-10
96 5.252465e-10
97 3.484767e-10
98 2.309212e-10
99 1.502529e-10
100 9.453795e-11
101 5.702099e-11
102 3.287518e-11
103 1.816094e-11
104 9.725436e-12
105 6.376233e-09
106 4.494272e-09
107 3.042086e-09
108 1.966922e-09
109 1.261264e-09
110 8.154089e-10
111 5.347165e-10
112 3.547721e-10
113 2.351368e-10
114 1.530015e-10
115 9.635157e-11
116 5.815769e-11
117 3.355015e-11
118 1.853881e-11
119 9.929804e-12
120 6.471791e-09
121 4.562844e-09
122 3.090736e-09
123 1.998702e-09
124 1.281195e-09
125 8.281612e-10
126 5.428954e-10
127 3.601701e-10
128 2.387914e-10
129 1.554619e-10
130 9.791060e-11
131 5.914359e-11
132 3.413643e-11
133 1.887311e-11
134 1.010904e-11
135 6.592689e-09
136 4.651020e-09
137 3.152711e-09
138 2.038951e-09
139 1.306669e-09
140 8.444729e-10
141 5.535034e-10
142 3.671902e-10
143 2.435735e-10
144 1.586228e-10
145 9.999752e-11
146 6.041111e-11
147 3.489187e-11
148 1.929463e-11
149 1.033814e-11
150 1.037958e-08
151 7.506639e-09
152 5.233403e-09
153 3.485704e-09
154 2.231833e-09
155 1.431494e-09
156 9.236014e-10
157 6.053392e-10
158 4.006364e-10
159 2.638109e-10
160 1.700814e-10
161 1.059244e-10
162 6.325760e-11
163 3.613654e-11
164 1.984580e-11
165 1.282852e-08
166 9.380062e-09
167 6.607072e-09
168 4.460662e-09
169 2.868802e-09
170 1.832539e-09
171 1.176376e-09
172 7.664517e-10
173 5.058706e-10
174 3.339483e-10
175 2.168729e-10
176 1.365918e-10
177 8.262252e-11
178 4.779937e-11
179 2.652433e-11
180 1.418589e-08
181 1.041689e-08
182 7.367333e-09
183 4.999231e-09
184 3.220373e-09
185 2.053918e-09
186 1.315608e-09
187 8.554292e-10
188 5.639131e-10
189 3.726426e-10
190 2.427148e-10
191 1.535027e-10
192 9.331499e-11
193 5.424563e-11
194 3.020969e-11
195 1.510472e-08
196 1.111993e-08
197 7.882662e-09
198 5.365440e-09
199 3.459075e-09
200 2.203285e-09
201 1.410069e-09
202 9.157000e-10
203 6.032639e-10
204 3.988796e-10
205 2.602371e-10
206 1.649891e-10
207 1.005431e-10
208 5.860960e-11
209 3.270971e-11
210 1.579952e-08
211 1.165201e-08
212 8.272108e-09
213 5.640256e-09
214 3.639429e-09
215 2.316998e-09
216 1.481800e-09
217 9.612931e-10
218 6.330852e-10
219 4.187463e-10
220 2.735285e-10
221 1.736685e-10
222 1.060337e-10
223 6.190469e-11
224 3.459629e-11
225 1.636633e-08
226 1.208428e-08
227 8.589112e-09
228 5.864825e-09
229 3.785178e-09
230 2.408754e-09
231 1.539687e-09
232 9.982837e-10
233 6.571863e-10
234 4.348601e-10
235 2.842838e-10
236 1.807171e-10
237 1.104822e-10
238 6.457588e-11
239 3.613008e-11
240 1.683426e-08
241 1.244145e-08
242 8.850711e-09
243 6.050755e-09
244 3.906634e-09
245 2.485096e-09
246 1.587878e-09
247 1.028980e-09
248 6.771848e-10
249 4.481286e-10
250 2.931672e-10
251 1.865505e-10
252 1.141604e-10
253 6.680731e-11
254 3.740433e-11
255 1.724325e-08
256 1.275336e-08
257 9.080252e-09
258 6.213837e-09
259 4.012542e-09
260 2.551730e-09
261 1.629746e-09
262 1.055653e-09
263 6.947207e-10
264 4.598297e-10
265 3.009431e-10
266 1.916586e-10
267 1.173875e-10
268 6.874104e-11
269 3.850979e-11
270 1.776089e-08
271 1.314890e-08
272 9.370465e-09
273 6.418275e-09
274 4.146676e-09
275 2.636044e-09
276 1.683076e-09
277 1.089736e-09
278 7.168452e-10
279 4.745671e-10
280 3.108178e-10
281 1.980864e-10
282 1.214413e-10
283 7.119856e-11
284 3.992272e-11
285 1.737515e-08
286 1.301039e-08
287 9.321665e-09
288 6.433840e-09
289 4.228217e-09
290 2.688143e-09
291 1.717952e-09
292 1.104847e-09
293 7.219460e-10
294 4.755790e-10
295 3.112409e-10
296 1.991350e-10
297 1.230940e-10
298 7.294792e-11
299 4.142049e-11
300 2.013020e-08
301 1.523874e-08
302 1.100016e-08
303 7.654957e-09
304 5.080768e-09
305 3.231232e-09
306 2.060095e-09
307 1.317854e-09
308 8.573129e-10
309 5.639055e-10
310 3.698008e-10
311 2.380192e-10
312 1.483422e-10
313 8.875957e-11
314 5.087178e-11
315 2.198085e-08
316 1.673466e-08
317 1.212627e-08
318 8.474626e-09
319 5.651240e-09
320 3.592731e-09
321 2.288267e-09
322 1.459987e-09
323 9.477800e-10
324 6.229380e-10
325 4.090136e-10
326 2.640491e-10
327 1.652514e-10
328 9.933077e-11
329 5.718566e-11
330 2.337753e-08
331 1.786675e-08
332 1.297863e-08
333 9.094705e-09
334 6.083176e-09
335 3.867341e-09
336 2.461515e-09
337 1.567541e-09
338 1.016460e-09
339 6.676813e-10
340 4.387297e-10
341 2.837769e-10
342 1.780622e-10
343 1.073418e-10
344 6.196666e-11
345 2.452183e-08
346 1.878646e-08
347 1.366947e-08
348 9.598069e-09
349 6.434260e-09
350 4.090545e-09
351 2.602147e-09
352 1.655273e-09
353 1.072103e-09
354 7.040301e-10
355 4.628779e-10
356 2.998012e-10
357 1.884614e-10
358 1.138496e-10
359 6.585123e-11
360 2.546081e-08
361 1.954662e-08
362 1.424020e-08
363 1.001455e-08
364 6.724013e-09
365 4.274302e-09
366 2.717743e-09
367 1.727550e-09
368 1.118049e-09
369 7.340198e-10
370 4.828118e-10
371 3.130541e-10
372 1.970601e-10
373 1.192175e-10
374 6.905795e-11
375 2.628063e-08
376 2.020978e-08
377 1.474044e-08
378 1.037858e-08
379 6.978116e-09
380 4.436215e-09
381 2.820011e-09
382 1.790837e-09
383 1.158443e-09
384 7.602967e-10
385 5.002840e-10
386 3.246170e-10
387 2.045790e-10
388 1.239224e-10
389 7.188202e-11
390 2.732454e-08
391 2.105185e-08
392 1.537440e-08
393 1.083926e-08
394 7.299035e-09
395 4.639871e-09
396 2.948797e-09
397 1.870934e-09
398 1.209298e-09
399 7.936066e-10
400 5.223726e-10
401 3.392800e-10
402 2.140832e-10
403 1.298816e-10
404 7.543288e-11
405 2.439582e-08
406 1.884003e-08
407 1.379428e-08
408 9.714532e-09
409 6.557626e-09
410 4.210580e-09
411 2.669674e-09
412 1.698874e-09
413 1.095560e-09
414 7.160689e-10
415 4.695018e-10
416 3.041032e-10
417 1.917399e-10
418 1.164578e-10
419 6.785274e-11
420 2.736164e-08
421 2.135983e-08
422 1.575839e-08
423 1.116539e-08
424 7.597641e-09
425 4.905200e-09
426 3.101635e-09
427 1.969761e-09
428 1.264556e-09
429 8.234608e-10
430 5.397984e-10
431 3.506389e-10
432 2.223049e-10
433 1.360010e-10
434 7.986821e-11
435 2.959408e-08
436 2.325130e-08
437 1.723010e-08
438 1.224943e-08
439 8.376672e-09
440 5.424133e-09
441 3.424005e-09
442 2.172032e-09
443 1.390638e-09
444 9.040766e-10
445 5.923348e-10
446 3.854442e-10
447 2.452193e-10
448 1.506277e-10
449 8.885638e-11
450 3.140579e-08
451 2.478853e-08
452 1.842395e-08
453 1.313184e-08
454 9.009558e-09
455 5.846573e-09
456 3.686120e-09
457 2.336542e-09
458 1.493118e-09
459 9.692827e-10
460 6.350768e-10
461 4.137549e-10
462 2.637846e-10
463 1.625197e-10
464 9.615594e-11
465 3.289829e-08
466 2.605528e-08
467 1.940815e-08
468 1.385964e-08
469 9.530652e-09
470 6.193922e-09
471 3.901635e-09
472 2.472101e-09
473 1.577620e-09
474 1.023104e-09
475 6.702392e-10
476 4.370914e-10
477 2.791114e-10
478 1.723060e-10
479 1.021707e-10
480 3.420569e-08
481 2.716941e-08
482 2.027596e-08
483 1.449821e-08
484 9.989662e-09
485 6.500418e-09
486 4.091779e-09
487 2.591228e-09
488 1.651876e-09
489 1.070525e-09
490 7.012507e-10
491 4.575752e-10
492 2.925723e-10
493 1.809332e-10
494 1.074660e-10
495 3.587079e-08
496 2.857663e-08
497 2.137137e-08
498 1.530516e-08
499 1.056842e-08
500 6.886257e-09
501 4.331873e-09
502 2.741361e-09
503 1.745817e-09
504 1.130217e-09
505 7.403469e-10
506 4.834543e-10
507 3.095989e-10
508 1.918029e-10
509 1.141542e-10
510 3.155592e-08
511 2.506074e-08
512 1.873734e-08
513 1.340284e-08
514 9.223958e-09
515 6.032887e-09
516 3.811023e-09
517 2.414939e-09
518 1.538104e-09
519 9.951106e-10
520 6.500322e-10
521 4.229424e-10
522 2.699046e-10
523 1.668032e-10
524 9.916027e-11
525 3.475517e-08
526 2.789027e-08
527 2.102145e-08
528 1.511811e-08
529 1.047197e-08
530 6.898782e-09
531 4.357753e-09
532 2.757444e-09
533 1.748467e-09
534 1.126948e-09
535 7.347237e-10
536 4.784003e-10
537 3.064461e-10
538 1.904372e-10
539 1.139746e-10
540 3.734222e-08
541 3.017132e-08
542 2.285882e-08
543 1.649808e-08
544 1.147487e-08
545 7.595240e-09
546 4.796102e-09
547 3.032280e-09
548 1.917045e-09
549 1.232711e-09
550 8.027079e-10
551 5.230087e-10
552 3.357815e-10
553 2.094485e-10
554 1.258890e-10
555 3.947396e-08
556 3.205643e-08
557 2.437839e-08
558 1.763950e-08
559 1.230306e-08
560 8.169305e-09
561 5.157050e-09
562 3.258924e-09
563 2.056109e-09
564 1.319969e-09
565 8.588111e-10
566 5.598169e-10
567 3.600360e-10
568 2.251257e-10
569 1.357088e-10
570 4.133975e-08
571 3.370553e-08
572 2.570877e-08
573 1.863756e-08
574 1.302935e-08
575 8.673785e-09
576 5.475043e-09
577 3.457521e-09
578 2.178058e-09
579 1.396472e-09
580 9.080540e-10
581 5.920876e-10
582 3.812687e-10
583 2.388740e-10
584 1.443386e-10
585 4.371600e-08
586 3.580169e-08
587 2.739366e-08
588 1.990531e-08
589 1.394908e-08
590 9.311684e-09
591 5.877049e-09
592 3.709268e-09
593 2.332971e-09
594 1.493458e-09
595 9.703655e-10
596 6.329521e-10
597 4.081660e-10
598 2.563004e-10
599 1.552291e-10
600 3.904842e-08
601 3.181261e-08
602 2.429310e-08
603 1.763132e-08
604 1.231606e-08
605 8.209589e-09
606 5.211926e-09
607 3.286489e-09
608 2.074026e-09
609 1.328239e-09
610 8.616882e-10
611 5.604698e-10
612 3.602018e-10
613 2.254138e-10
614 1.361734e-10
615 4.253504e-08
616 3.500466e-08
617 2.695788e-08
618 1.968040e-08
619 1.381918e-08
620 9.279189e-09
621 5.909562e-09
622 3.718520e-09
623 2.340250e-09
624 1.492641e-09
625 9.652288e-10
626 6.274096e-10
627 4.039924e-10
628 2.539362e-10
629 1.543089e-10
630 4.540651e-08
631 3.762575e-08
632 2.914390e-08
633 2.136003e-08
634 1.504987e-08
635 1.015326e-08
636 6.479181e-09
637 4.070694e-09
638 2.557549e-09
639 1.627033e-09
640 1.049906e-09
641 6.821580e-10
642 4.398908e-10
643 2.772478e-10
644 1.691122e-10
645 4.791779e-08
646 3.992456e-08
647 3.106212e-08
648 2.283238e-08
649 1.613101e-08
650 1.092184e-08
651 6.979684e-09
652 4.380307e-09
653 2.748262e-09
654 1.744947e-09
655 1.124261e-09
656 7.302556e-10
657 4.713472e-10
658 2.977352e-10
659 1.821510e-10
660 5.111185e-08
661 4.284092e-08
662 3.349142e-08
663 2.469592e-08
664 1.749956e-08
665 1.189430e-08
666 7.614151e-09
667 4.772567e-09
668 2.990160e-09
669 1.894424e-09
670 1.218416e-09
671 7.911282e-10
672 5.112330e-10
673 3.237184e-10
674 1.986059e-10
675 4.705513e-08
676 3.926194e-08
677 3.062652e-08
678 2.257373e-08
679 1.596513e-08
680 1.082546e-08
681 6.953421e-09
682 4.363680e-09
683 2.741029e-09
684 1.736904e-09
685 1.116489e-09
686 7.235171e-10
687 4.662912e-10
688 2.944460e-10
689 1.802444e-10
690 5.079223e-08
691 4.278030e-08
692 3.365963e-08
693 2.496566e-08
694 1.774154e-08
695 1.210552e-08
696 7.819145e-09
697 4.899070e-09
698 3.073807e-09
699 1.939522e-09
700 1.241954e-09
701 8.031573e-10
702 5.178832e-10
703 3.279685e-10
704 2.017047e-10
705 5.405682e-08
706 4.585778e-08
707 3.631429e-08
708 2.705620e-08
709 1.929241e-08
710 1.322347e-08
711 8.573695e-09
712 5.366213e-09
713 3.363822e-09
714 2.115858e-09
715 1.351374e-09
716 8.725594e-10
717 5.628591e-10
718 3.572542e-10
719 2.204636e-10
720 5.820319e-08
721 4.976259e-08
722 3.967829e-08
723 2.970436e-08
724 2.125960e-08
725 1.464150e-08
726 9.531662e-09
727 5.957771e-09
728 3.731455e-09
729 2.339833e-09
730 1.489951e-09
731 9.607218e-10
732 6.200077e-10
733 3.943819e-10
734 2.442383e-10
735 5.548234e-08
736 4.731276e-08
737 3.768713e-08
738 2.822080e-08
739 2.019249e-08
740 1.388792e-08
741 9.055867e-09
742 5.676784e-09
743 3.555664e-09
744 2.230389e-09
745 1.419922e-09
746 9.143939e-10
747 5.889774e-10
748 3.739225e-10
749 2.312153e-10
750 5.961012e-08
751 5.131355e-08
752 4.123607e-08
753 3.110165e-08
754 2.236262e-08
755 1.546579e-08
756 1.015284e-08
757 6.367392e-09
758 3.982928e-09
759 2.488333e-09
760 1.577802e-09
761 1.012888e-09
762 6.519140e-10
763 4.145911e-10
764 2.573142e-10
765 6.484430e-08
766 5.636896e-08
767 4.572809e-08
768 3.473790e-08
769 2.510396e-08
770 1.745976e-08
771 1.153823e-08
772 7.239543e-09
773 4.522989e-09
774 2.814618e-09
775 1.777225e-09
776 1.137503e-09
777 7.314344e-10
778 4.659564e-10
779 2.903086e-10
780 6.470875e-08
781 5.635953e-08
782 4.583880e-08
783 3.493044e-08
784 2.529663e-08
785 1.761647e-08
786 1.167577e-08
787 7.352030e-09
788 4.587613e-09
789 2.854829e-09
790 1.799328e-09
791 1.148951e-09
792 7.373969e-10
793 4.692462e-10
794 2.923380e-10
795 7.122460e-08
796 6.281244e-08
797 5.173546e-08
798 3.984911e-08
799 2.907783e-08
800 2.038885e-08
801 1.364123e-08
802 8.627052e-09
803 5.370641e-09
804 3.329751e-09
805 2.086181e-09
806 1.324627e-09
807 8.475962e-10
808 5.396822e-10
809 3.373922e-10
810 7.984288e-08
811 7.159489e-08
812 6.004286e-08
813 4.702703e-08
814 3.474993e-08
815 2.460132e-08
816 1.667741e-08
817 1.067468e-08
818 6.627703e-09
819 4.099548e-09
820 2.544440e-09
821 1.599527e-09
822 1.015899e-09
823 6.450180e-10
824 4.040251e-10
825 5.122726e-07
826 4.095319e-07
827 3.087030e-07
828 2.341480e-07
829 1.581091e-07
830 9.909070e-08
831 6.212175e-08
832 3.850556e-08
833 0.000000e+00
834 0.000000e+00
835 0.000000e+00
836 0.000000e+00
837 0.000000e+00
838 0.000000e+00
839 0.000000e+00
840 6.545833e-07
841 5.264571e-07
842 3.971325e-07
843 3.011620e-07
844 2.054058e-07
845 1.284526e-07
846 8.074729e-08
847 4.996036e-08
848 0.000000e+00
849 0.000000e+00
850 0.000000e+00
851 0.000000e+00
852 0.000000e+00
853 0.000000e+00
854 0.000000e+00
855 7.510508e-07
856 6.057062e-07
857 4.570638e-07
858 3.465650e-07
859 2.374594e-07
860 1.483490e-07
861 9.337064e-08
862 5.772393e-08
863 0.000000e+00
864 0.000000e+00
865 0.000000e+00
866 0.000000e+00
867 0.000000e+00
868 0.000000e+00
869 0.000000e+00
870 8.241188e-07
871 6.657112e-07
872 5.024416e-07
873 3.809675e-07
874 2.617420e-07
875 1.634216e-07
876 1.029342e-07
877 6.360528e-08
878 0.000000e+00
879 0.000000e+00
880 0.000000e+00
881 0.000000e+00
882 0.000000e+00
883 0.000000e+00
884 0.000000e+00
885 8.834084e-07
886 7.144267e-07
887 5.392823e-07
888 4.088829e-07
889 2.814498e-07
890 1.756546e-07
891 1.106948e-07
892 6.837859e-08
893 0.000000e+00
894 0.000000e+00
895 0.000000e+00
896 0.000000e+00
897 0.000000e+00
898 0.000000e+00
899 0.000000e+00
900 9.322888e-07
901 7.545771e-07
902 5.696439e-07
903 4.318917e-07
904 2.976910e-07
905 1.857366e-07
906 1.170914e-07
907 7.231232e-08
908 0.000000e+00
909 0.000000e+00
910 0.000000e+00
911 0.000000e+00
912 0.000000e+00
913 0.000000e+00
914 0.000000e+00
915 9.751605e-07
916 7.897981e-07
917 5.962795e-07
918 4.520767e-07
919 3.119386e-07
920 1.945804e-07
921 1.227024e-07
922 7.576345e-08
923 0.000000e+00
924 0.000000e+00
925 0.000000e+00
926 0.000000e+00
927 0.000000e+00
928 0.000000e+00
929 0.000000e+00
930 1.029440e-06
931 8.344123e-07
932 6.300261e-07
933 4.776509e-07
934 3.299912e-07
935 2.057853e-07
936 1.298114e-07
937 8.013560e-08
938 0.000000e+00
939 0.000000e+00
940 0.000000e+00
941 0.000000e+00
942 0.000000e+00
943 0.000000e+00
944 0.000000e+00
945 2.378252e-07
946 2.233396e-07
947 1.828812e-07
948 1.365778e-07
949 1.047255e-07
950 7.382760e-08
951 4.514706e-08
952 2.790506e-08
953 1.704864e-08
954 0.000000e+00
955 0.000000e+00
956 0.000000e+00
957 0.000000e+00
958 0.000000e+00
959 0.000000e+00
960 3.434841e-07
961 3.240074e-07
962 2.666379e-07
963 1.994397e-07
964 1.526196e-07
965 1.085282e-07
966 6.612819e-08
967 4.109063e-08
968 2.506258e-08
969 0.000000e+00
970 0.000000e+00
971 0.000000e+00
972 0.000000e+00
973 0.000000e+00
974 0.000000e+00
975 4.232172e-07
976 3.999632e-07
977 3.298177e-07
978 2.468522e-07
979 1.887465e-07
980 1.346945e-07
981 8.194830e-08
982 5.103039e-08
983 3.110451e-08
984 0.000000e+00
985 0.000000e+00
986 0.000000e+00
987 0.000000e+00
988 0.000000e+00
989 0.000000e+00
990 4.879484e-07
991 4.616278e-07
992 3.811094e-07
993 2.853434e-07
994 2.180756e-07
995 1.559377e-07
996 9.479181e-08
997 5.910002e-08
998 3.600965e-08
999 0.000000e+00
1000 0.000000e+00
1001 0.000000e+00
1002 0.000000e+00
1003 0.000000e+00
1004 0.000000e+00
1005 5.412771e-07
1006 5.124287e-07
1007 4.233658e-07
1008 3.170542e-07
1009 2.422383e-07
1010 1.734387e-07
1011 1.053728e-07
1012 6.574812e-08
1013 4.005075e-08
1014 0.000000e+00
1015 0.000000e+00
1016 0.000000e+00
1017 0.000000e+00
1018 0.000000e+00
1019 0.000000e+00
1020 5.880723e-07
1021 5.570056e-07
1022 4.604450e-07
1023 3.448797e-07
1024 2.634405e-07
1025 1.887972e-07
1026 1.146574e-07
1027 7.158162e-08
1028 4.359668e-08
1029 0.000000e+00
1030 0.000000e+00
1031 0.000000e+00
1032 0.000000e+00
1033 0.000000e+00
1034 0.000000e+00
1035 6.473638e-07
1036 6.134844e-07
1037 5.074245e-07
1038 3.801349e-07
1039 2.903039e-07
1040 2.082545e-07
1041 1.264213e-07
1042 7.897279e-08
1043 4.808944e-08
1044 0.000000e+00
1045 0.000000e+00
1046 0.000000e+00
1047 0.000000e+00
1048 0.000000e+00
1049 0.000000e+00
1050 1.272160e-07
1051 1.298771e-07
1052 1.176621e-07
1053 9.279147e-08
1054 6.888183e-08
1055 5.345729e-08
1056 3.457060e-08
1057 2.207362e-08
1058 1.304588e-08
1059 7.850095e-09
1060 0.000000e+00
1061 0.000000e+00
1062 0.000000e+00
1063 0.000000e+00
1064 0.000000e+00
1065 2.055538e-07
1066 2.105401e-07
1067 1.916284e-07
1068 1.517791e-07
1069 1.126673e-07
1070 8.735803e-08
1071 5.712262e-08
1072 3.621297e-08
1073 2.143488e-08
1074 1.290780e-08
1075 0.000000e+00
1076 0.000000e+00
1077 0.000000e+00
1078 0.000000e+00
1079 0.000000e+00
1080 2.684220e-07
1081 2.752539e-07
1082 2.509422e-07
1083 1.990595e-07
1084 1.477610e-07
1085 1.145327e-07
1086 7.517234e-08
1087 4.754386e-08
1088 2.815500e-08
1089 1.695946e-08
1090 0.000000e+00
1091 0.000000e+00
1092 0.000000e+00
1093 0.000000e+00
1094 0.000000e+00
1095 3.202207e-07
1096 3.285637e-07
1097 2.998027e-07
1098 2.380151e-07
1099 1.766698e-07
1100 1.369232e-07
1101 9.004869e-08
1102 5.687845e-08
1103 3.369188e-08
1104 2.029772e-08
1105 0.000000e+00
1106 0.000000e+00
1107 0.000000e+00
1108 0.000000e+00
1109 0.000000e+00
1110 3.656640e-07
1111 3.753390e-07
1112 3.426747e-07
1113 2.721812e-07
1114 2.020355e-07
1115 1.565641e-07
1116 1.030998e-07
1117 6.506864e-08
1118 3.854941e-08
1119 2.322639e-08
1120 0.000000e+00
1121 0.000000e+00
1122 0.000000e+00
1123 0.000000e+00
1124 0.000000e+00
1125 4.232368e-07
1126 4.346125e-07
1127 3.969728e-07
1128 3.154866e-07
1129 2.341787e-07
1130 1.814644e-07
1131 1.196381e-07
1132 7.544993e-08
1133 4.470485e-08
1134 2.693759e-08
1135 0.000000e+00
1136 0.000000e+00
1137 0.000000e+00
1138 0.000000e+00
1139 0.000000e+00
1140 1.367594e-07
1141 1.468660e-07
1142 1.430493e-07
1143 1.216577e-07
1144 9.178997e-08
1145 6.932804e-08
1146 5.214433e-08
1147 3.063896e-08
1148 1.950745e-08
1149 1.157016e-08
1150 6.827818e-09
1151 0.000000e+00
1152 0.000000e+00
1153 0.000000e+00
1154 0.000000e+00
1155 1.857443e-07
1156 1.996360e-07
1157 1.946849e-07
1158 1.658281e-07
1159 1.252120e-07
1160 9.451356e-08
1161 7.120399e-08
1162 4.185882e-08
1163 2.669891e-08
1164 1.582456e-08
1165 9.327068e-09
1166 0.000000e+00
1167 0.000000e+00
1168 0.000000e+00
1169 0.000000e+00
1170 2.287197e-07
1171 2.459394e-07
1172 2.399874e-07
1173 2.045718e-07
1174 1.545342e-07
1175 1.166048e-07
1176 8.792586e-08
1177 5.170021e-08
1178 3.300852e-08
1179 1.955730e-08
1180 1.151926e-08
1181 0.000000e+00
1182 0.000000e+00
1183 0.000000e+00
1184 0.000000e+00
1185 2.831790e-07
1186 3.045995e-07
1187 2.973920e-07
1188 2.536633e-07
1189 1.916819e-07
1190 1.445963e-07
1191 1.091111e-07
1192 6.417290e-08
1193 4.100396e-08
1194 2.428737e-08
1195 1.429764e-08
1196 0.000000e+00
1197 0.000000e+00
1198 0.000000e+00
1199 0.000000e+00
1200 9.740448e-08
1201 1.080102e-07
1202 1.102422e-07
1203 9.967086e-08
1204 7.833264e-08
1205 5.810415e-08
1206 4.522283e-08
1207 2.879794e-08
1208 1.847417e-08
1209 1.069757e-08
1210 6.267742e-09
1211 0.000000e+00
1212 0.000000e+00
1213 0.000000e+00
1214 0.000000e+00
1215 1.375255e-07
1216 1.525950e-07
1217 1.558916e-07
1218 1.411279e-07
1219 1.110390e-07
1220 8.235488e-08
1221 6.409044e-08
1222 4.094036e-08
1223 2.621510e-08
1224 1.517791e-08
1225 8.899047e-09
1226 0.000000e+00
1227 0.000000e+00
1228 0.000000e+00
1229 0.000000e+00
1230 1.883705e-07
1231 2.090988e-07
1232 2.137459e-07
1233 1.936633e-07
1234 1.524878e-07
1235 1.130878e-07
1236 8.800133e-08
1237 5.632497e-08
1238 3.602510e-08
1239 2.085562e-08
1240 1.223347e-08
1241 0.000000e+00
1242 0.000000e+00
1243 0.000000e+00
1244 0.000000e+00
1245 7.513949e-08
1246 8.531505e-08
1247 9.008549e-08
1248 8.548753e-08
1249 7.043309e-08
1250 5.244204e-08
1251 4.021556e-08
1252 2.876747e-08
1253 1.704241e-08
1254 1.019236e-08
1255 5.995719e-09
1256 0.000000e+00
1257 0.000000e+00
1258 0.000000e+00
1259 0.000000e+00
1260 1.222524e-07
1261 1.388886e-07
1262 1.467757e-07
1263 1.394536e-07
1264 1.150507e-07
1265 8.569727e-08
1266 6.567677e-08
1267 4.710621e-08
1268 2.785858e-08
1269 1.669852e-08
1270 9.817170e-09
1271 0.000000e+00
1272 0.000000e+00
1273 0.000000e+00
1274 0.000000e+00
1275 7.541396e-08
1276 8.722900e-08
1277 9.453450e-08
1278 9.319380e-08
1279 8.034167e-08
1280 6.097895e-08
1281 4.581349e-08
1282 3.504495e-08
1283 2.041783e-08
1284 1.313589e-08
1285 7.592565e-09
1286 4.264119e-09
1287 0.000000e+00
1288 0.000000e+00
1289 0.000000e+00
1290 4.053262e-08
1291 4.758139e-08
1292 5.262608e-08
1293 5.344780e-08
1294 4.793801e-08
1295 3.738842e-08
1296 2.775719e-08
1297 2.164921e-08
1298 1.341250e-08
1299 8.686538e-09
1300 4.945957e-09
1301 2.788475e-09
1302 0.000000e+00
1303 0.000000e+00
1304 0.000000e+00
1305 3.936391e-05
1306 3.174395e-05
1307 2.388665e-05
1308 1.817490e-05
1309 1.246489e-05
1310 7.764440e-06
1311 4.880542e-06
1312 3.019210e-06
1313 0.000000e+00
1314 0.000000e+00
1315 0.000000e+00
1316 0.000000e+00
1317 0.000000e+00
1318 0.000000e+00
1319 0.000000e+00
1320 2.251442e-05
1321 2.137170e-05
1322 1.768302e-05
1323 1.322337e-05
1324 1.010334e-05
1325 7.280542e-06
1326 4.389156e-06
1327 2.736021e-06
1328 1.669941e-06
1329 0.000000e+00
1330 0.000000e+00
1331 0.000000e+00
1332 0.000000e+00
1333 0.000000e+00
1334 0.000000e+00
1335 1.469253e-05
1336 1.510562e-05
1337 1.381618e-05
1338 1.098150e-05
1339 8.142927e-06
1340 6.319722e-06
1341 4.168635e-06
1342 2.633980e-06
1343 1.554438e-06
1344 9.384384e-07
1345 0.000000e+00
1346 0.000000e+00
1347 0.000000e+00
1348 0.000000e+00
1349 0.000000e+00
1350 1.001271e-05
1351 1.077995e-05
1352 1.053777e-05
1353 8.998065e-06
1354 6.798391e-06
1355 5.124823e-06
1356 3.879925e-06
1357 2.271704e-06
1358 1.456578e-06
1359 8.625092e-07
1360 5.067775e-07
1361 0.000000e+00
1362 0.000000e+00
1363 0.000000e+00
1364 0.000000e+00
1365 7.094637e-06
1366 7.881507e-06
1367 8.065429e-06
1368 7.317369e-06
1369 5.765465e-06
1370 4.273236e-06
1371 3.328152e-06
1372 2.133200e-06
1373 1.365799e-06
1374 7.893338e-07
1375 4.635902e-07
1376 0.000000e+00
1377 0.000000e+00
1378 0.000000e+00
1379 0.000000e+00
1380 5.189198e-06
1381 5.899642e-06
1382 6.240956e-06
1383 5.937911e-06
1384 4.904985e-06
1385 3.653567e-06
1386 2.798590e-06
1387 2.014208e-06
1388 1.187293e-06
1389 7.121278e-07
1390 4.185402e-07
1391 0.000000e+00
1392 0.000000e+00
1393 0.000000e+00
1394 0.000000e+00
1395 3.886259e-06
1396 4.498319e-06
1397 4.879887e-06
1398 4.817526e-06
1399 4.160053e-06
1400 3.159637e-06
1401 2.371980e-06
1402 1.818619e-06
1403 1.058864e-06
1404 6.834950e-07
1405 3.949117e-07
1406 2.211396e-07
1407 0.000000e+00
1408 0.000000e+00
1409 0.000000e+00
1410 2.701285e-06
1411 3.173799e-06
1412 3.514421e-06
1413 3.575383e-06
1414 3.214063e-06
1415 2.510864e-06
1416 1.862997e-06
1417 1.453942e-06
1418 9.046010e-07
1419 5.854703e-07
1420 3.329885e-07
1421 1.880587e-07
1422 0.000000e+00
1423 0.000000e+00
1424 0.000000e+00
1425 1.551045e-06
1426 1.849419e-06
1427 2.089117e-06
1428 2.187414e-06
1429 2.048499e-06
1430 1.662532e-06
1431 1.233146e-06
1432 9.531828e-07
1433 6.583120e-07
1434 3.971245e-07
1435 2.284363e-07
1436 1.317698e-07
1437 0.000000e+00
1438 0.000000e+00
1439 0.000000e+00
1440 6.870643e-07
1441 8.307357e-07
1442 9.559926e-07
1443 1.027619e-06
1444 1.000083e-06
1445 8.478670e-07
1446 6.377815e-07
1447 4.828652e-07
1448 3.624138e-07
1449 2.084967e-07
1450 1.295150e-07
1451 7.368741e-08
1452 4.052195e-08
1453 0.000000e+00
1454 0.000000e+00
